    6325945, -0.00030518
    6325946, -0.00030518
    6325947, -0.00030518
    6325948,  0.00000000
    6325949, -0.00030518
    6325950, -0.00061035
    6325951, -0.00030518
    6325952,  0.00000000
    6325953,  0.00061035
    6325954,  0.00061035
    6325955, -0.00030518
    6325956,  0.00000000
    6325957, -0.00030518
    6325958,  0.00000000
    6325959,  0.00000000
    6325960, -0.00030518
    6325961, -0.00030518
    6325962, -0.00030518
    6325963, -0.00091553
    6325964, -0.00122070
    6325965, -0.00061035
    6325966, -0.00091553
    6325967, -0.00030518
    6325968, -0.00030518
    6325969,  0.00061035
    6325970,  0.00000000
    6325971, -0.00030518
    6325972,  0.00000000
    6325973,  0.00030518
    6325974,  0.00000000
    6325975,  0.00000000
    6325976,  0.00000000
    6325977,  0.00000000
    6325978,  0.00030518
    6325979,  0.00000000
    6325980,  0.00000000
    6325981,  0.00000000
    6325982, -0.00030518
    6325983, -0.00030518
    6325984, -0.00030518
    6325985,  0.00000000
    6325986, -0.00030518
    6325987, -0.00030518
    6325988, -0.00061035
    6325989, -0.00030518
    6325990, -0.00061035
    6325991,  0.00000000
    6325992, -0.00061035
    6325993, -0.00091553
    6325994,  0.00000000
    6325995, -0.00061035
    6325996, -0.00061035
    6325997, -0.00091553
    6325998, -0.00030518
    6325999,  0.00000000
    6326000,  0.00000000
    6326001,  0.00091553
    6326002, -0.00030518
    6326003, -0.00061035
    6326004, -0.00030518
    6326005, -0.00061035
    6326006, -0.00030518
    6326007, -0.00061035
    6326008, -0.00030518
    6326009,  0.00000000
    6326010,  0.00061035
    6326011,  0.00061035
    6326012,  0.00000000
    6326013, -0.00091553
    6326014, -0.00030518
    6326015, -0.00030518
    6326016,  0.00000000
    6326017,  0.00030518
    6326018,  0.00000000
    6326019,  0.00030518
    6326020,  0.00030518
    6326021,  0.00061035
    6326022, -0.00030518
    6326023, -0.00030518
    6326024,  0.00000000
    6326025,  0.00000000
    6326026,  0.00030518
    6326027,  0.00030518
    6326028,  0.00030518
    6326029,  0.00000000
    6326030, -0.00030518
    6326031,  0.00000000
    6326032, -0.00030518
    6326033, -0.00030518
    6326034, -0.00030518
    6326035, -0.00061035
    6326036, -0.00091553
    6326037, -0.00030518
    6326038, -0.00091553
    6326039, -0.00091553
    6326040, -0.00091553
    6326041, -0.00030518
    6326042, -0.00030518
    6326043, -0.00091553
    6326044,  0.00030518
    6326045, -0.00061035
    6326046, -0.00061035
    6326047,  0.00000000
    6326048, -0.00061035
    6326049,  0.00030518
    6326050,  0.00061035
    6326051,  0.00000000
    6326052,  0.00030518
    6326053, -0.00030518
    6326054, -0.00061035
    6326055, -0.00061035
    6326056, -0.00030518
    6326057, -0.00030518
    6326058, -0.00030518
    6326059,  0.00061035
    6326060, -0.00030518
    6326061,  0.00030518
    6326062,  0.00000000
    6326063, -0.00061035
    6326064, -0.00061035
    6326065, -0.00030518
    6326066, -0.00061035
    6326067, -0.00091553
    6326068, -0.00030518
    6326069,  0.00000000
    6326070,  0.00030518
    6326071,  0.00061035
    6326072, -0.00091553
    6326073,  0.00000000
    6326074, -0.00061035
    6326075, -0.00030518
    6326076, -0.00030518
    6326077, -0.00122070
    6326078, -0.00030518
    6326079, -0.00030518
    6326080, -0.00061035
    6326081,  0.00000000
    6326082, -0.00030518
    6326083, -0.00061035
    6326084,  0.00000000
    6326085, -0.00030518
    6326086, -0.00091553
    6326087,  0.00000000
    6326088, -0.00091553
    6326089, -0.00030518
    6326090,  0.00000000
    6326091, -0.00030518
    6326092,  0.00000000
    6326093,  0.00000000
    6326094,  0.00000000
    6326095,  0.00030518
    6326096,  0.00030518
    6326097,  0.00000000
    6326098, -0.00030518
    6326099, -0.00061035
    6326100,  0.00000000
    6326101, -0.00061035
    6326102, -0.00030518
    6326103,  0.00000000
    6326104, -0.00030518
    6326105,  0.00000000
    6326106,  0.00030518
    6326107,  0.00000000
    6326108,  0.00030518
    6326109,  0.00030518
    6326110, -0.00030518
    6326111,  0.00000000
    6326112, -0.00030518
    6326113,  0.00030518
    6326114, -0.00030518
    6326115, -0.00061035
    6326116, -0.00091553
    6326117, -0.00061035
    6326118, -0.00030518
    6326119, -0.00122070
    6326120,  0.00030518
    6326121,  0.00030518
    6326122,  0.00000000
    6326123, -0.00030518
    6326124,  0.00000000
    6326125, -0.00061035
    6326126,  0.00000000
    6326127, -0.00091553
    6326128, -0.00091553
    6326129, -0.00152588
    6326130, -0.00030518
    6326131,  0.00000000
    6326132,  0.00000000
    6326133,  0.00000000
    6326134, -0.00091553
    6326135, -0.00030518
    6326136,  0.00000000
    6326137, -0.00030518
    6326138, -0.00030518
    6326139, -0.00061035
    6326140,  0.00030518
    6326141, -0.00030518
    6326142, -0.00030518
    6326143, -0.00061035
    6326144,  0.00030518
    6326145,  0.00000000
    6326146,  0.00000000
    6326147, -0.00030518
    6326148, -0.00030518
    6326149, -0.00091553
    6326150,  0.00000000
    6326151,  0.00030518
    6326152,  0.00061035
    6326153,  0.00030518
    6326154, -0.00030518
    6326155, -0.00091553
    6326156,  0.00000000
    6326157, -0.00030518
    6326158, -0.00091553
    6326159, -0.00091553
    6326160, -0.00061035
    6326161, -0.00091553
    6326162, -0.00061035
    6326163, -0.00091553
    6326164, -0.00061035
    6326165, -0.00091553
    6326166, -0.00030518
    6326167, -0.00061035
    6326168,  0.00000000
    6326169,  0.00030518
    6326170, -0.00061035
    6326171,  0.00000000
    6326172, -0.00030518
    6326173, -0.00122070
    6326174, -0.00061035
    6326175, -0.00030518
    6326176,  0.00000000
    6326177,  0.00000000
    6326178,  0.00061035
    6326179, -0.00030518
    6326180,  0.00061035
    6326181,  0.00030518
    6326182,  0.00030518
    6326183,  0.00000000
    6326184,  0.00000000
    6326185, -0.00061035
    6326186, -0.00061035
    6326187,  0.00000000
    6326188,  0.00030518
    6326189,  0.00061035
    6326190,  0.00061035
    6326191,  0.00000000
    6326192,  0.00000000
    6326193, -0.00030518
    6326194,  0.00000000
    6326195,  0.00000000
    6326196, -0.00030518
    6326197, -0.00061035
    6326198, -0.00061035
    6326199, -0.00061035
    6326200, -0.00030518
    6326201,  0.00000000
    6326202, -0.00030518
    6326203, -0.00030518
    6326204, -0.00030518
    6326205, -0.00061035
    6326206, -0.00061035
    6326207, -0.00030518
    6326208, -0.00030518
    6326209, -0.00061035
    6326210,  0.00061035
    6326211,  0.00000000
    6326212,  0.00000000
    6326213, -0.00030518
    6326214, -0.00030518
    6326215,  0.00000000
    6326216,  0.00000000
    6326217, -0.00030518
    6326218,  0.00030518
    6326219,  0.00000000
    6326220, -0.00122070
    6326221,  0.00030518
    6326222, -0.00030518
    6326223, -0.00061035
    6326224, -0.00030518
    6326225,  0.00000000
    6326226,  0.00000000
    6326227, -0.00030518
    6326228, -0.00030518
    6326229, -0.00030518
    6326230, -0.00091553
    6326231, -0.00030518
    6326232, -0.00061035
    6326233, -0.00030518
    6326234, -0.00030518
    6326235, -0.00030518
    6326236, -0.00091553
    6326237, -0.00061035
    6326238, -0.00030518
    6326239,  0.00030518
    6326240,  0.00000000
    6326241,  0.00000000
    6326242,  0.00000000
    6326243, -0.00030518
    6326244, -0.00091553
    6326245, -0.00061035
    6326246, -0.00030518
    6326247,  0.00000000
    6326248,  0.00030518
    6326249,  0.00030518
    6326250, -0.00030518
    6326251,  0.00000000
    6326252,  0.00000000
    6326253, -0.00061035
    6326254, -0.00030518
    6326255,  0.00000000
    6326256, -0.00061035
    6326257, -0.00061035
    6326258,  0.00000000
    6326259, -0.00030518
    6326260,  0.00000000
    6326261, -0.00030518
    6326262,  0.00000000
    6326263, -0.00091553
    6326264, -0.00030518
    6326265, -0.00061035
    6326266, -0.00030518
    6326267, -0.00030518
    6326268,  0.00030518
    6326269,  0.00000000
    6326270,  0.00030518
    6326271,  0.00000000
    6326272,  0.00030518
    6326273, -0.00030518
    6326274, -0.00030518
    6326275, -0.00061035
    6326276, -0.00061035
    6326277, -0.00030518
    6326278,  0.00030518
    6326279,  0.00000000
    6326280, -0.00061035
    6326281, -0.00030518
    6326282, -0.00030518
    6326283, -0.00030518
    6326284, -0.00061035
    6326285,  0.00030518
    6326286, -0.00030518
    6326287,  0.00000000
    6326288,  0.00030518
    6326289,  0.00000000
    6326290,  0.00030518
    6326291,  0.00030518
    6326292,  0.00030518
    6326293,  0.00030518
    6326294, -0.00061035
    6326295,  0.00030518
    6326296, -0.00061035
    6326297,  0.00000000
    6326298, -0.00030518
    6326299,  0.00000000
    6326300, -0.00091553
    6326301,  0.00000000
    6326302,  0.00030518
    6326303, -0.00061035
    6326304, -0.00030518
    6326305, -0.00122070
    6326306, -0.00061035
    6326307, -0.00030518
    6326308,  0.00000000
    6326309, -0.00061035
    6326310, -0.00030518
    6326311,  0.00000000
    6326312,  0.00030518
    6326313, -0.00061035
    6326314,  0.00000000
    6326315, -0.00030518
    6326316, -0.00061035
    6326317, -0.00030518
    6326318,  0.00000000
    6326319, -0.00030518
    6326320, -0.00061035
    6326321, -0.00061035
    6326322, -0.00091553
    6326323, -0.00030518
    6326324,  0.00000000
    6326325, -0.00061035
    6326326, -0.00061035
    6326327, -0.00061035
    6326328, -0.00061035
    6326329, -0.00183105
    6326330, -0.00091553
    6326331, -0.00030518
    6326332, -0.00061035
    6326333,  0.00000000
    6326334,  0.00000000
    6326335, -0.00061035
    6326336,  0.00000000
    6326337, -0.00122070
    6326338, -0.00030518
    6326339, -0.00030518
    6326340,  0.00000000
    6326341, -0.00030518
    6326342, -0.00030518
    6326343, -0.00061035
    6326344,  0.00000000
    6326345, -0.00061035
    6326346,  0.00000000
    6326347, -0.00030518
    6326348,  0.00030518
    6326349,  0.00000000
    6326350,  0.00000000
    6326351, -0.00061035
    6326352,  0.00000000
    6326353, -0.00030518
    6326354, -0.00030518
    6326355, -0.00091553
    6326356, -0.00030518
    6326357,  0.00030518
    6326358,  0.00000000
    6326359,  0.00000000
    6326360, -0.00061035
    6326361, -0.00061035
    6326362, -0.00061035
    6326363, -0.00030518
    6326364, -0.00061035
    6326365, -0.00061035
    6326366,  0.00000000
    6326367, -0.00030518
    6326368,  0.00030518
    6326369, -0.00061035
    6326370, -0.00061035
    6326371, -0.00061035
    6326372,  0.00000000
    6326373, -0.00122070
    6326374, -0.00030518
    6326375, -0.00030518
    6326376, -0.00061035
    6326377, -0.00030518
    6326378,  0.00000000
    6326379,  0.00061035
    6326380,  0.00000000
    6326381, -0.00030518
    6326382, -0.00030518
    6326383, -0.00183105
    6326384, -0.00061035
    6326385, -0.00030518
    6326386,  0.00000000
    6326387, -0.00061035
    6326388,  0.00000000
    6326389, -0.00061035
    6326390,  0.00000000
    6326391,  0.00000000
    6326392,  0.00030518
    6326393, -0.00061035
    6326394,  0.00030518
    6326395, -0.00030518
    6326396, -0.00122070
    6326397, -0.00061035
    6326398, -0.00061035
    6326399, -0.00091553
    6326400, -0.00030518
    6326401, -0.00030518
    6326402, -0.00061035
    6326403, -0.00061035
    6326404, -0.00091553
    6326405, -0.00061035
    6326406, -0.00030518
    6326407, -0.00061035
    6326408, -0.00122070
    6326409,  0.00000000
    6326410,  0.00000000
    6326411,  0.00000000
    6326412,  0.00000000
    6326413, -0.00030518
    6326414, -0.00030518
    6326415, -0.00030518
    6326416, -0.00091553
    6326417, -0.00091553
    6326418, -0.00030518
    6326419, -0.00061035
    6326420,  0.00091553
    6326421,  0.00030518
    6326422, -0.00091553
    6326423,  0.00000000
    6326424,  0.00030518
    6326425,  0.00000000
    6326426, -0.00061035
    6326427, -0.00061035
    6326428, -0.00030518
    6326429,  0.00061035
    6326430,  0.00030518
    6326431,  0.00030518
    6326432,  0.00030518
    6326433,  0.00000000
    6326434, -0.00030518
    6326435, -0.00061035
    6326436, -0.00091553
    6326437, -0.00122070
    6326438, -0.00030518
    6326439, -0.00030518
    6326440, -0.00061035
    6326441, -0.00061035
    6326442, -0.00030518
    6326443, -0.00061035
    6326444,  0.00000000
    6326445, -0.00030518
    6326446, -0.00030518
    6326447,  0.00000000
    6326448,  0.00000000
    6326449, -0.00030518
    6326450, -0.00030518
    6326451,  0.00000000
    6326452, -0.00030518
    6326453, -0.00030518
    6326454, -0.00030518
    6326455, -0.00061035
    6326456,  0.00030518
    6326457, -0.00030518
    6326458, -0.00030518
    6326459,  0.00000000
    6326460, -0.00091553
    6326461, -0.00061035
    6326462,  0.00000000
    6326463,  0.00000000
    6326464,  0.00061035
    6326465,  0.00000000
    6326466,  0.00000000
    6326467, -0.00030518
    6326468, -0.00030518
    6326469, -0.00030518
    6326470, -0.00091553
    6326471, -0.00091553
    6326472,  0.00000000
    6326473, -0.00030518
    6326474,  0.00030518
    6326475, -0.00030518
    6326476,  0.00000000
    6326477, -0.00030518
    6326478,  0.00000000
    6326479,  0.00000000
    6326480,  0.00030518
    6326481,  0.00000000
    6326482,  0.00000000
    6326483,  0.00000000
    6326484,  0.00000000
    6326485, -0.00030518
    6326486,  0.00030518
    6326487, -0.00030518
    6326488,  0.00000000
    6326489,  0.00000000
    6326490,  0.00000000
    6326491, -0.00030518
    6326492, -0.00091553
    6326493, -0.00061035
    6326494, -0.00030518
    6326495, -0.00061035
    6326496, -0.00030518
    6326497, -0.00091553
    6326498,  0.00030518
    6326499,  0.00000000
    6326500, -0.00030518
    6326501,  0.00030518
    6326502,  0.00000000
    6326503,  0.00030518
    6326504,  0.00000000
    6326505,  0.00030518
    6326506, -0.00030518
    6326507, -0.00061035
    6326508, -0.00030518
    6326509,  0.00030518
    6326510, -0.00030518
    6326511,  0.00030518
    6326512,  0.00000000
    6326513, -0.00030518
    6326514, -0.00061035
    6326515, -0.00061035
    6326516, -0.00091553
    6326517, -0.00030518
    6326518, -0.00061035
    6326519, -0.00061035
    6326520,  0.00000000
    6326521, -0.00061035
    6326522, -0.00030518
    6326523, -0.00030518
    6326524, -0.00030518
    6326525, -0.00061035
    6326526, -0.00061035
    6326527, -0.00091553
    6326528, -0.00030518
    6326529, -0.00030518
    6326530, -0.00030518
    6326531,  0.00091553
    6326532,  0.00000000
    6326533,  0.00000000
    6326534,  0.00000000
    6326535, -0.00061035
    6326536,  0.00000000
    6326537, -0.00030518
    6326538,  0.00030518
    6326539, -0.00030518
    6326540,  0.00061035
    6326541, -0.00061035
    6326542, -0.00030518
    6326543,  0.00000000
    6326544, -0.00061035
    6326545, -0.00091553
    6326546, -0.00091553
    6326547, -0.00061035
    6326548,  0.00030518
    6326549,  0.00030518
    6326550,  0.00000000
    6326551,  0.00000000
    6326552, -0.00030518
    6326553, -0.00030518
    6326554, -0.00030518
    6326555,  0.00000000
    6326556, -0.00061035
    6326557,  0.00030518
    6326558, -0.00061035
    6326559, -0.00030518
    6326560, -0.00030518
    6326561, -0.00091553
    6326562,  0.00000000
    6326563,  0.00000000
    6326564, -0.00030518
    6326565, -0.00030518
    6326566, -0.00030518
    6326567,  0.00030518
    6326568,  0.00000000
    6326569, -0.00030518
    6326570, -0.00030518
    6326571, -0.00061035
    6326572,  0.00000000
    6326573, -0.00030518
    6326574,  0.00000000
    6326575,  0.00000000
    6326576,  0.00000000
    6326577,  0.00000000
    6326578,  0.00000000
    6326579, -0.00122070
    6326580,  0.00000000
    6326581,  0.00030518
    6326582, -0.00030518
    6326583,  0.00000000
    6326584,  0.00000000
    6326585,  0.00000000
    6326586,  0.00000000
    6326587,  0.00030518
    6326588, -0.00061035
    6326589,  0.00000000
    6326590, -0.00061035
    6326591, -0.00061035
    6326592,  0.00000000
    6326593,  0.00030518
    6326594, -0.00030518
    6326595, -0.00030518
    6326596, -0.00061035
    6326597, -0.00030518
    6326598, -0.00091553
    6326599,  0.00000000
    6326600, -0.00061035
    6326601, -0.00030518
    6326602, -0.00061035
    6326603, -0.00061035
    6326604, -0.00091553
    6326605, -0.00061035
    6326606, -0.00030518
    6326607,  0.00030518
    6326608, -0.00091553
    6326609, -0.00030518
    6326610, -0.00091553
    6326611, -0.00030518
    6326612, -0.00061035
    6326613,  0.00000000
    6326614, -0.00091553
    6326615, -0.00122070
    6326616, -0.00061035
    6326617, -0.00030518
    6326618,  0.00000000
    6326619, -0.00030518
    6326620, -0.00091553
    6326621,  0.00000000
    6326622,  0.00030518
    6326623,  0.00000000
    6326624, -0.00030518
    6326625, -0.00152588
    6326626,  0.00000000
    6326627,  0.00030518
    6326628,  0.00061035
    6326629,  0.00000000
    6326630,  0.00030518
    6326631,  0.00000000
    6326632,  0.00030518
    6326633, -0.00030518
    6326634, -0.00061035
    6326635,  0.00000000
    6326636, -0.00030518
    6326637, -0.00030518
    6326638,  0.00000000
    6326639,  0.00000000
    6326640,  0.00030518
    6326641,  0.00000000
    6326642, -0.00061035
    6326643, -0.00091553
    6326644, -0.00061035
    6326645, -0.00030518
    6326646, -0.00061035
    6326647, -0.00091553
    6326648, -0.00030518
    6326649,  0.00030518
    6326650, -0.00061035
    6326651,  0.00030518
    6326652,  0.00061035
    6326653,  0.00030518
    6326654,  0.00000000
    6326655,  0.00000000
    6326656,  0.00030518
    6326657, -0.00030518
    6326658,  0.00000000
    6326659,  0.00000000
    6326660,  0.00000000
    6326661, -0.00030518
    6326662,  0.00000000
    6326663, -0.00061035
    6326664,  0.00000000
    6326665, -0.00030518
    6326666, -0.00030518
    6326667,  0.00000000
    6326668, -0.00030518
    6326669,  0.00000000
    6326670, -0.00061035
    6326671,  0.00000000
    6326672,  0.00000000
    6326673,  0.00000000
    6326674, -0.00061035
    6326675,  0.00000000
    6326676,  0.00030518
    6326677, -0.00061035
    6326678,  0.00000000
    6326679, -0.00030518
    6326680, -0.00030518
    6326681, -0.00091553
    6326682,  0.00000000
    6326683, -0.00061035
    6326684, -0.00122070
    6326685, -0.00091553
    6326686, -0.00122070
    6326687,  0.00000000
    6326688,  0.00000000
    6326689,  0.00030518
    6326690, -0.00061035
    6326691,  0.00030518
    6326692, -0.00030518
    6326693,  0.00000000
    6326694, -0.00030518
    6326695, -0.00030518
    6326696, -0.00061035
    6326697,  0.00000000
    6326698,  0.00000000
    6326699,  0.00030518
    6326700,  0.00030518
    6326701, -0.00030518
    6326702,  0.00000000
    6326703,  0.00000000
    6326704, -0.00091553
    6326705, -0.00152588
    6326706, -0.00061035
    6326707, -0.00030518
    6326708, -0.00122070
    6326709, -0.00030518
    6326710,  0.00000000
    6326711, -0.00061035
    6326712,  0.00000000
    6326713,  0.00030518
    6326714, -0.00030518
    6326715, -0.00061035
    6326716,  0.00000000
    6326717, -0.00030518
    6326718,  0.00000000
    6326719, -0.00091553
    6326720,  0.00091553
    6326721, -0.00030518
    6326722,  0.00000000
    6326723, -0.00030518
    6326724, -0.00091553
    6326725, -0.00061035
    6326726, -0.00061035
    6326727, -0.00030518
    6326728, -0.00030518
    6326729, -0.00030518
    6326730, -0.00061035
    6326731, -0.00061035
    6326732, -0.00030518
    6326733,  0.00030518
    6326734, -0.00030518
    6326735, -0.00061035
    6326736, -0.00030518
    6326737, -0.00061035
    6326738, -0.00030518
    6326739,  0.00000000
    6326740,  0.00000000
    6326741,  0.00000000
    6326742,  0.00000000
    6326743,  0.00061035
    6326744,  0.00000000
    6326745,  0.00000000
    6326746,  0.00000000
    6326747,  0.00000000
    6326748,  0.00030518
    6326749,  0.00030518
    6326750,  0.00000000
    6326751, -0.00030518
    6326752,  0.00000000
    6326753,  0.00000000
    6326754, -0.00061035
    6326755, -0.00091553
    6326756, -0.00030518
    6326757, -0.00061035
    6326758, -0.00030518
    6326759,  0.00061035
    6326760,  0.00000000
    6326761, -0.00030518
    6326762,  0.00000000
    6326763,  0.00000000
    6326764, -0.00061035
    6326765, -0.00061035
    6326766, -0.00030518
    6326767, -0.00091553
    6326768, -0.00091553
    6326769, -0.00061035
    6326770, -0.00030518
    6326771, -0.00091553
    6326772, -0.00061035
    6326773, -0.00091553
    6326774, -0.00091553
    6326775, -0.00061035
    6326776, -0.00030518
    6326777,  0.00000000
    6326778, -0.00061035
    6326779, -0.00030518
    6326780,  0.00030518
    6326781,  0.00000000
    6326782, -0.00030518
    6326783,  0.00000000
    6326784,  0.00000000
    6326785, -0.00030518
    6326786, -0.00030518
    6326787,  0.00000000
    6326788, -0.00061035
    6326789,  0.00030518
    6326790,  0.00030518
    6326791,  0.00000000
    6326792,  0.00061035
    6326793, -0.00030518
    6326794,  0.00000000
    6326795, -0.00091553
    6326796,  0.00000000
    6326797, -0.00061035
    6326798, -0.00030518
    6326799, -0.00061035
    6326800, -0.00122070
    6326801, -0.00061035
    6326802, -0.00030518
    6326803,  0.00030518
    6326804,  0.00000000
    6326805, -0.00030518
    6326806, -0.00091553
    6326807,  0.00061035
    6326808, -0.00030518
    6326809, -0.00030518
    6326810, -0.00061035
    6326811,  0.00030518
    6326812,  0.00000000
    6326813, -0.00091553
    6326814, -0.00061035
    6326815, -0.00030518
    6326816, -0.00091553
    6326817, -0.00030518
    6326818, -0.00030518
    6326819,  0.00000000
    6326820,  0.00000000
    6326821,  0.00000000
    6326822, -0.00061035
    6326823, -0.00091553
    6326824, -0.00091553
    6326825, -0.00091553
    6326826, -0.00091553
    6326827, -0.00030518
    6326828, -0.00091553
    6326829, -0.00030518
    6326830, -0.00030518
    6326831, -0.00061035
    6326832,  0.00000000
    6326833,  0.00030518
    6326834, -0.00091553
    6326835, -0.00030518
    6326836, -0.00030518
    6326837, -0.00030518
    6326838, -0.00061035
    6326839,  0.00000000
    6326840,  0.00030518
    6326841,  0.00000000
    6326842, -0.00061035
    6326843,  0.00000000
    6326844,  0.00030518
    6326845, -0.00030518
    6326846,  0.00000000
    6326847,  0.00061035
    6326848,  0.00000000
    6326849,  0.00030518
    6326850, -0.00061035
    6326851,  0.00030518
    6326852, -0.00091553
    6326853,  0.00030518
    6326854,  0.00000000
    6326855, -0.00091553
    6326856, -0.00030518
    6326857,  0.00000000
    6326858,  0.00000000
    6326859,  0.00061035
    6326860,  0.00000000
    6326861,  0.00030518
    6326862,  0.00000000
    6326863,  0.00000000
    6326864, -0.00030518
    6326865, -0.00122070
    6326866, -0.00091553
    6326867, -0.00122070
    6326868, -0.00061035
    6326869, -0.00061035
    6326870,  0.00000000
    6326871, -0.00091553
    6326872, -0.00183105
    6326873, -0.00061035
    6326874, -0.00030518
    6326875, -0.00061035
    6326876, -0.00030518
    6326877, -0.00030518
    6326878,  0.00000000
    6326879, -0.00030518
    6326880,  0.00030518
    6326881,  0.00030518
    6326882,  0.00000000
    6326883,  0.00000000
    6326884,  0.00030518
    6326885, -0.00061035
    6326886, -0.00030518
    6326887,  0.00000000
    6326888, -0.00030518
    6326889,  0.00061035
    6326890, -0.00030518
    6326891,  0.00000000
    6326892, -0.00030518
    6326893, -0.00152588
    6326894, -0.00061035
    6326895, -0.00030518
    6326896, -0.00061035
    6326897,  0.00030518
    6326898,  0.00030518
    6326899, -0.00091553
    6326900, -0.00061035
    6326901,  0.00000000
    6326902, -0.00030518
    6326903, -0.00030518
    6326904, -0.00030518
    6326905, -0.00061035
    6326906, -0.00030518
    6326907, -0.00091553
    6326908, -0.00122070
    6326909,  0.00000000
    6326910,  0.00030518
    6326911,  0.00030518
    6326912, -0.00061035
    6326913,  0.00000000
    6326914,  0.00030518
    6326915,  0.00030518
    6326916,  0.00030518
    6326917,  0.00000000
    6326918,  0.00061035
    6326919,  0.00000000
    6326920, -0.00030518
    6326921,  0.00000000
    6326922, -0.00030518
    6326923,  0.00000000
    6326924, -0.00061035
    6326925, -0.00122070
    6326926,  0.00000000
    6326927, -0.00030518
    6326928, -0.00061035
    6326929, -0.00030518
    6326930,  0.00000000
    6326931,  0.00000000
    6326932, -0.00061035
    6326933,  0.00000000
    6326934, -0.00030518
    6326935, -0.00091553
    6326936, -0.00030518
    6326937, -0.00030518
    6326938, -0.00122070
    6326939,  0.00000000
    6326940,  0.00000000
    6326941, -0.00030518
    6326942,  0.00061035
    6326943,  0.00030518
    6326944, -0.00061035
    6326945,  0.00000000
    6326946,  0.00030518
    6326947,  0.00000000
    6326948, -0.00030518
    6326949,  0.00000000
    6326950, -0.00030518
    6326951, -0.00030518
    6326952,  0.00000000
    6326953, -0.00091553
    6326954, -0.00122070
    6326955, -0.00061035
    6326956, -0.00030518
    6326957, -0.00061035
    6326958, -0.00030518
    6326959,  0.00061035
    6326960, -0.00061035
    6326961,  0.00030518
    6326962,  0.00030518
    6326963,  0.00000000
    6326964, -0.00061035
    6326965, -0.00061035
    6326966, -0.00030518
    6326967, -0.00030518
    6326968, -0.00061035
    6326969, -0.00091553
    6326970,  0.00030518
    6326971,  0.00061035
    6326972,  0.00000000
    6326973, -0.00030518
    6326974, -0.00061035
    6326975,  0.00030518
    6326976,  0.00000000
    6326977,  0.00030518
    6326978, -0.00030518
    6326979,  0.00000000
    6326980,  0.00000000
    6326981,  0.00000000
    6326982, -0.00030518
    6326983, -0.00030518
    6326984, -0.00061035
    6326985, -0.00030518
    6326986, -0.00091553
    6326987, -0.00061035
    6326988, -0.00030518
    6326989, -0.00030518
    6326990, -0.00030518
    6326991,  0.00030518
    6326992,  0.00030518
    6326993,  0.00000000
    6326994, -0.00061035
    6326995, -0.00091553
    6326996, -0.00091553
    6326997, -0.00030518
    6326998, -0.00152588
    6326999,  0.00000000
    6327000, -0.00091553
    6327001,  0.00000000
    6327002,  0.00030518
    6327003,  0.00000000
    6327004, -0.00030518
    6327005, -0.00122070
    6327006,  0.00000000
    6327007,  0.00000000
    6327008, -0.00030518
    6327009,  0.00030518
    6327010,  0.00000000
    6327011, -0.00030518
    6327012,  0.00000000
    6327013,  0.00030518
    6327014,  0.00061035
    6327015,  0.00000000
    6327016,  0.00030518
    6327017,  0.00000000
    6327018, -0.00061035
    6327019,  0.00030518
    6327020,  0.00030518
    6327021, -0.00030518
    6327022, -0.00030518
    6327023, -0.00091553
    6327024, -0.00061035
    6327025, -0.00030518
    6327026, -0.00091553
    6327027, -0.00061035
    6327028,  0.00030518
    6327029, -0.00030518
    6327030, -0.00061035
    6327031,  0.00000000
    6327032, -0.00030518
    6327033,  0.00030518
    6327034, -0.00030518
    6327035,  0.00000000
    6327036, -0.00061035
    6327037,  0.00030518
    6327038, -0.00030518
    6327039, -0.00030518
    6327040, -0.00091553
    6327041, -0.00030518
    6327042, -0.00061035
    6327043, -0.00030518
    6327044,  0.00000000
    6327045,  0.00000000
    6327046, -0.00030518
    6327047, -0.00030518
    6327048, -0.00030518
    6327049, -0.00030518
    6327050, -0.00030518
    6327051, -0.00030518
    6327052, -0.00030518
    6327053, -0.00030518
    6327054, -0.00091553
    6327055,  0.00000000
    6327056, -0.00061035
    6327057, -0.00030518
    6327058, -0.00030518
    6327059, -0.00030518
    6327060, -0.00030518
    6327061, -0.00061035
    6327062,  0.00030518
    6327063, -0.00030518
    6327064,  0.00000000
    6327065,  0.00000000
    6327066,  0.00000000
    6327067, -0.00030518
    6327068,  0.00030518
    6327069, -0.00061035
    6327070,  0.00030518
    6327071, -0.00030518
    6327072,  0.00061035
    6327073, -0.00030518
    6327074, -0.00030518
    6327075, -0.00061035
    6327076, -0.00030518
    6327077, -0.00152588
    6327078,  0.00000000
    6327079,  0.00000000
    6327080,  0.00030518
    6327081,  0.00030518
    6327082, -0.00030518
    6327083,  0.00000000
    6327084, -0.00061035
    6327085, -0.00061035
    6327086, -0.00030518
    6327087, -0.00091553
    6327088,  0.00000000
    6327089, -0.00061035
    6327090, -0.00030518
    6327091, -0.00152588
    6327092,  0.00000000
    6327093, -0.00061035
    6327094, -0.00030518
    6327095, -0.00030518
    6327096, -0.00061035
    6327097, -0.00061035
    6327098,  0.00000000
    6327099,  0.00000000
    6327100,  0.00030518
    6327101,  0.00000000
    6327102, -0.00122070
    6327103,  0.00030518
    6327104, -0.00030518
    6327105, -0.00030518
    6327106, -0.00030518
    6327107,  0.00000000
    6327108, -0.00030518
    6327109,  0.00000000
    6327110,  0.00030518
    6327111,  0.00000000
    6327112, -0.00030518
    6327113, -0.00091553
    6327114, -0.00030518
    6327115, -0.00091553
    6327116, -0.00091553
    6327117, -0.00030518
    6327118, -0.00030518
    6327119,  0.00030518
    6327120, -0.00030518
    6327121,  0.00030518
    6327122,  0.00061035
    6327123,  0.00000000
    6327124,  0.00030518
    6327125,  0.00000000
    6327126, -0.00030518
    6327127, -0.00091553
    6327128, -0.00030518
    6327129, -0.00061035
    6327130, -0.00061035
    6327131, -0.00030518
    6327132, -0.00030518
    6327133, -0.00091553
    6327134, -0.00061035
    6327135,  0.00000000
    6327136, -0.00061035
    6327137,  0.00000000
    6327138,  0.00030518
    6327139, -0.00030518
    6327140, -0.00122070
    6327141, -0.00061035
    6327142,  0.00000000
    6327143, -0.00030518
    6327144,  0.00000000
    6327145, -0.00030518
    6327146, -0.00061035
    6327147, -0.00030518
    6327148, -0.00030518
    6327149, -0.00061035
    6327150,  0.00000000
    6327151,  0.00030518
    6327152,  0.00061035
    6327153, -0.00030518
    6327154,  0.00000000
    6327155,  0.00030518
    6327156, -0.00030518
    6327157,  0.00000000
    6327158,  0.00030518
    6327159,  0.00030518
    6327160,  0.00030518
    6327161,  0.00061035
    6327162, -0.00030518
    6327163,  0.00000000
    6327164, -0.00091553
    6327165, -0.00061035
    6327166, -0.00061035
    6327167, -0.00091553
    6327168, -0.00061035
    6327169, -0.00030518
    6327170, -0.00061035
    6327171,  0.00030518
    6327172,  0.00061035
    6327173, -0.00030518
    6327174, -0.00030518
    6327175,  0.00030518
    6327176,  0.00000000
    6327177,  0.00030518
    6327178, -0.00030518
    6327179, -0.00030518
    6327180, -0.00061035
    6327181, -0.00030518
    6327182,  0.00000000
    6327183, -0.00030518
    6327184,  0.00000000
    6327185,  0.00000000
    6327186, -0.00061035
    6327187, -0.00030518
    6327188, -0.00030518
    6327189, -0.00030518
    6327190,  0.00030518
    6327191, -0.00061035
    6327192,  0.00000000
    6327193, -0.00030518
    6327194, -0.00091553
    6327195, -0.00091553
    6327196, -0.00061035
    6327197,  0.00030518
    6327198,  0.00030518
    6327199,  0.00061035
    6327200,  0.00061035
    6327201, -0.00061035
    6327202,  0.00030518
    6327203,  0.00000000
    6327204, -0.00061035
    6327205,  0.00030518
    6327206,  0.00030518
    6327207,  0.00000000
    6327208,  0.00000000
    6327209,  0.00061035
    6327210,  0.00000000
    6327211,  0.00000000
    6327212,  0.00030518
    6327213,  0.00030518
    6327214, -0.00030518
    6327215, -0.00030518
    6327216,  0.00030518
    6327217, -0.00030518
    6327218, -0.00030518
    6327219, -0.00061035
    6327220, -0.00061035
    6327221,  0.00030518
    6327222,  0.00000000
    6327223, -0.00091553
    6327224, -0.00030518
    6327225, -0.00122070
    6327226,  0.00000000
    6327227, -0.00030518
    6327228,  0.00000000
    6327229,  0.00030518
    6327230,  0.00030518
    6327231,  0.00030518
    6327232, -0.00061035
    6327233, -0.00061035
    6327234,  0.00000000
    6327235, -0.00030518
    6327236,  0.00061035
    6327237, -0.00030518
    6327238,  0.00000000
    6327239, -0.00030518
    6327240, -0.00030518
    6327241, -0.00091553
    6327242,  0.00000000
    6327243,  0.00030518
    6327244, -0.00030518
    6327245,  0.00000000
    6327246,  0.00030518
    6327247,  0.00061035
    6327248,  0.00000000
    6327249,  0.00030518
    6327250, -0.00061035
    6327251,  0.00000000
    6327252, -0.00030518
    6327253, -0.00030518
    6327254,  0.00000000
    6327255, -0.00091553
    6327256, -0.00030518
    6327257, -0.00030518
    6327258,  0.00000000
    6327259,  0.00061035
    6327260,  0.00030518
    6327261,  0.00000000
    6327262, -0.00091553
    6327263,  0.00061035
    6327264, -0.00030518
    6327265,  0.00000000
    6327266, -0.00061035
    6327267, -0.00030518
    6327268,  0.00000000
    6327269,  0.00000000
    6327270, -0.00030518
    6327271, -0.00030518
    6327272,  0.00030518
    6327273, -0.00030518
    6327274, -0.00030518
    6327275, -0.00030518
    6327276,  0.00000000
    6327277, -0.00030518
    6327278,  0.00000000
    6327279,  0.00000000
    6327280, -0.00030518
    6327281, -0.00030518
    6327282,  0.00000000
    6327283, -0.00030518
    6327284,  0.00000000
    6327285, -0.00061035
    6327286,  0.00000000
    6327287,  0.00000000
    6327288, -0.00030518
    6327289, -0.00061035
    6327290, -0.00030518
    6327291,  0.00000000
    6327292, -0.00030518
    6327293, -0.00122070
    6327294, -0.00061035
    6327295, -0.00061035
    6327296, -0.00030518
    6327297,  0.00030518
    6327298,  0.00000000
    6327299,  0.00061035
    6327300,  0.00061035
    6327301,  0.00000000
    6327302,  0.00030518
    6327303, -0.00030518
    6327304, -0.00030518
    6327305, -0.00061035
    6327306, -0.00030518
    6327307, -0.00030518
    6327308, -0.00030518
    6327309, -0.00030518
    6327310,  0.00030518
    6327311,  0.00000000
    6327312,  0.00061035
    6327313,  0.00000000
    6327314,  0.00000000
    6327315, -0.00030518
    6327316,  0.00000000
    6327317, -0.00030518
    6327318,  0.00030518
    6327319, -0.00061035
    6327320, -0.00061035
    6327321, -0.00030518
    6327322,  0.00000000
    6327323,  0.00000000
    6327324,  0.00000000
    6327325, -0.00030518
    6327326, -0.00061035
    6327327,  0.00030518
    6327328, -0.00030518
    6327329,  0.00030518
    6327330,  0.00030518
    6327331,  0.00000000
    6327332,  0.00000000
    6327333,  0.00030518
    6327334,  0.00030518
    6327335, -0.00061035
    6327336,  0.00000000
    6327337, -0.00030518
    6327338,  0.00000000
    6327339,  0.00030518
    6327340,  0.00000000
    6327341,  0.00000000
    6327342,  0.00030518
    6327343,  0.00030518
    6327344, -0.00030518
    6327345,  0.00030518
    6327346, -0.00030518
    6327347,  0.00000000
    6327348,  0.00000000
    6327349,  0.00030518
    6327350, -0.00030518
    6327351,  0.00000000
    6327352, -0.00061035
    6327353,  0.00000000
    6327354,  0.00000000
    6327355,  0.00000000
    6327356, -0.00061035
    6327357, -0.00030518
    6327358, -0.00122070
    6327359,  0.00000000
    6327360, -0.00030518
    6327361, -0.00030518
    6327362, -0.00030518
    6327363, -0.00152588
    6327364, -0.00061035
    6327365, -0.00030518
    6327366, -0.00030518
    6327367,  0.00030518
    6327368,  0.00061035
    6327369,  0.00030518
    6327370,  0.00030518
    6327371,  0.00061035
    6327372,  0.00061035
    6327373,  0.00000000
    6327374, -0.00030518
    6327375,  0.00030518
    6327376,  0.00030518
    6327377, -0.00030518
    6327378,  0.00000000
    6327379, -0.00030518
    6327380,  0.00030518
    6327381, -0.00061035
    6327382,  0.00000000
    6327383, -0.00061035
    6327384, -0.00030518
    6327385, -0.00030518
    6327386,  0.00000000
    6327387,  0.00030518
    6327388,  0.00000000
    6327389, -0.00030518
    6327390,  0.00000000
    6327391,  0.00000000
    6327392,  0.00000000
    6327393,  0.00000000
    6327394, -0.00061035
    6327395, -0.00030518
    6327396, -0.00091553
    6327397, -0.00091553
    6327398, -0.00061035
    6327399,  0.00030518
    6327400,  0.00000000
    6327401, -0.00030518
    6327402,  0.00030518
    6327403,  0.00000000
    6327404, -0.00061035
    6327405, -0.00061035
    6327406,  0.00000000
    6327407, -0.00030518
    6327408,  0.00000000
    6327409, -0.00030518
    6327410,  0.00000000
    6327411, -0.00030518
    6327412, -0.00030518
    6327413, -0.00030518
    6327414, -0.00030518
    6327415, -0.00030518
    6327416,  0.00000000
    6327417, -0.00061035
    6327418, -0.00061035
    6327419,  0.00000000
    6327420, -0.00030518
    6327421, -0.00030518
    6327422, -0.00030518
    6327423, -0.00030518
    6327424, -0.00030518
    6327425, -0.00030518
    6327426,  0.00030518
    6327427, -0.00122070
    6327428, -0.00030518
    6327429,  0.00030518
    6327430,  0.00000000
    6327431, -0.00091553
    6327432, -0.00030518
    6327433, -0.00061035
    6327434, -0.00030518
    6327435, -0.00030518
    6327436,  0.00000000
    6327437, -0.00030518
    6327438,  0.00030518
    6327439,  0.00000000
    6327440,  0.00000000
    6327441, -0.00030518
    6327442, -0.00091553
    6327443, -0.00061035
    6327444, -0.00061035
    6327445, -0.00061035
    6327446,  0.00030518
    6327447, -0.00061035
    6327448, -0.00030518
    6327449,  0.00000000
    6327450,  0.00000000
    6327451,  0.00061035
    6327452,  0.00030518
    6327453,  0.00030518
    6327454, -0.00030518
    6327455, -0.00030518
    6327456, -0.00030518
    6327457,  0.00000000
    6327458,  0.00000000
    6327459,  0.00030518
    6327460,  0.00061035
    6327461,  0.00030518
    6327462,  0.00030518
    6327463,  0.00030518
    6327464, -0.00030518
    6327465,  0.00000000
    6327466,  0.00030518
    6327467,  0.00000000
    6327468,  0.00030518
    6327469,  0.00000000
    6327470,  0.00000000
    6327471,  0.00000000
    6327472,  0.00000000
    6327473,  0.00030518
    6327474,  0.00000000
    6327475,  0.00000000
    6327476,  0.00030518
    6327477,  0.00000000
    6327478,  0.00000000
    6327479,  0.00000000
    6327480, -0.00061035
    6327481, -0.00030518
    6327482,  0.00000000
    6327483, -0.00030518
    6327484,  0.00030518
    6327485,  0.00030518
    6327486,  0.00061035
    6327487,  0.00030518
    6327488,  0.00030518
    6327489, -0.00030518
    6327490, -0.00030518
    6327491, -0.00061035
    6327492, -0.00030518
    6327493, -0.00061035
    6327494, -0.00030518
    6327495,  0.00000000
    6327496,  0.00000000
    6327497, -0.00030518
    6327498,  0.00000000
    6327499,  0.00000000
    6327500, -0.00061035
    6327501,  0.00000000
    6327502,  0.00091553
    6327503,  0.00000000
    6327504,  0.00000000
    6327505,  0.00000000
    6327506,  0.00000000
    6327507,  0.00000000
    6327508, -0.00061035
    6327509, -0.00122070
    6327510,  0.00000000
    6327511,  0.00030518
    6327512,  0.00091553
    6327513,  0.00000000
    6327514, -0.00030518
    6327515, -0.00091553
    6327516,  0.00000000
    6327517, -0.00091553
    6327518, -0.00061035
    6327519, -0.00030518
    6327520,  0.00000000
    6327521,  0.00030518
    6327522, -0.00091553
    6327523, -0.00091553
    6327524, -0.00061035
    6327525, -0.00061035
    6327526, -0.00061035
    6327527,  0.00000000
    6327528,  0.00030518
    6327529,  0.00030518
    6327530,  0.00030518
    6327531,  0.00030518
    6327532,  0.00061035
    6327533,  0.00000000
    6327534, -0.00061035
    6327535, -0.00061035
    6327536, -0.00030518
    6327537, -0.00030518
    6327538, -0.00030518
    6327539,  0.00000000
    6327540, -0.00030518
    6327541, -0.00030518
    6327542, -0.00030518
    6327543, -0.00030518
    6327544, -0.00061035
    6327545, -0.00091553
    6327546, -0.00030518
    6327547, -0.00091553
    6327548, -0.00030518
    6327549,  0.00000000
    6327550, -0.00030518
    6327551, -0.00030518
    6327552, -0.00030518
    6327553, -0.00061035
    6327554, -0.00091553
    6327555,  0.00000000
    6327556, -0.00030518
    6327557, -0.00061035
    6327558,  0.00000000
    6327559, -0.00122070
    6327560, -0.00030518
    6327561, -0.00030518
    6327562, -0.00030518
    6327563, -0.00030518
    6327564, -0.00030518
    6327565, -0.00061035
    6327566,  0.00000000
    6327567, -0.00030518
    6327568,  0.00000000
    6327569,  0.00030518
    6327570,  0.00000000
    6327571, -0.00030518
    6327572,  0.00061035
    6327573, -0.00152588
    6327574, -0.00091553
    6327575, -0.00030518
    6327576,  0.00030518
    6327577,  0.00000000
    6327578, -0.00091553
    6327579,  0.00000000
    6327580, -0.00030518
    6327581,  0.00000000
    6327582,  0.00000000
    6327583, -0.00030518
    6327584, -0.00030518
    6327585, -0.00061035
    6327586,  0.00000000
    6327587, -0.00091553
    6327588,  0.00000000
    6327589,  0.00000000
    6327590,  0.00000000
    6327591, -0.00061035
    6327592, -0.00030518
    6327593, -0.00030518
    6327594, -0.00030518
    6327595, -0.00030518
    6327596,  0.00030518
    6327597,  0.00061035
    6327598,  0.00000000
    6327599, -0.00030518
    6327600,  0.00000000
    6327601, -0.00030518
    6327602, -0.00030518
    6327603, -0.00030518
    6327604, -0.00030518
    6327605, -0.00091553
    6327606,  0.00000000
    6327607, -0.00061035
    6327608,  0.00000000
    6327609,  0.00000000
    6327610, -0.00061035
    6327611, -0.00061035
    6327612, -0.00061035
    6327613, -0.00030518
    6327614, -0.00061035
    6327615, -0.00091553
    6327616, -0.00061035
    6327617, -0.00061035
    6327618, -0.00030518
    6327619,  0.00000000
    6327620, -0.00030518
    6327621, -0.00030518
    6327622, -0.00061035
    6327623,  0.00000000
    6327624, -0.00061035
    6327625, -0.00030518
    6327626,  0.00000000
    6327627, -0.00061035
    6327628, -0.00061035
    6327629,  0.00030518
    6327630,  0.00000000
    6327631,  0.00061035
    6327632,  0.00000000
    6327633, -0.00061035
    6327634, -0.00030518
    6327635, -0.00030518
    6327636, -0.00061035
    6327637, -0.00061035
    6327638, -0.00030518
    6327639,  0.00030518
    6327640,  0.00061035
    6327641,  0.00000000
    6327642, -0.00091553
    6327643, -0.00061035
    6327644,  0.00000000
    6327645, -0.00061035
    6327646, -0.00030518
    6327647, -0.00030518
    6327648, -0.00030518
    6327649, -0.00030518
    6327650,  0.00091553
    6327651,  0.00030518
    6327652, -0.00030518
    6327653, -0.00061035
    6327654, -0.00030518
    6327655, -0.00061035
    6327656, -0.00091553
    6327657, -0.00061035
    6327658,  0.00000000
    6327659,  0.00000000
    6327660,  0.00061035
    6327661, -0.00091553
    6327662,  0.00000000
    6327663,  0.00030518
    6327664,  0.00000000
    6327665,  0.00000000
    6327666, -0.00030518
    6327667, -0.00061035
    6327668, -0.00061035
    6327669, -0.00091553
    6327670, -0.00030518
    6327671, -0.00030518
    6327672,  0.00000000
    6327673,  0.00000000
    6327674, -0.00061035
    6327675, -0.00030518
    6327676,  0.00030518
    6327677,  0.00030518
    6327678,  0.00000000
    6327679,  0.00000000
    6327680, -0.00061035
    6327681,  0.00000000
    6327682,  0.00000000
    6327683, -0.00061035
    6327684, -0.00030518
    6327685, -0.00091553
    6327686, -0.00061035
    6327687, -0.00030518
    6327688, -0.00030518
    6327689, -0.00030518
    6327690, -0.00030518
    6327691, -0.00061035
    6327692, -0.00030518
    6327693, -0.00030518
    6327694, -0.00030518
    6327695, -0.00061035
    6327696,  0.00030518
    6327697,  0.00000000
    6327698, -0.00030518
    6327699,  0.00000000
    6327700,  0.00030518
    6327701,  0.00000000
    6327702,  0.00061035
    6327703, -0.00061035
    6327704, -0.00030518
    6327705, -0.00030518
    6327706,  0.00030518
    6327707,  0.00000000
    6327708, -0.00030518
    6327709,  0.00030518
    6327710,  0.00030518
    6327711,  0.00030518
    6327712,  0.00000000
    6327713, -0.00091553
    6327714, -0.00061035
    6327715, -0.00061035
    6327716, -0.00061035
    6327717, -0.00030518
    6327718, -0.00061035
    6327719,  0.00000000
    6327720,  0.00000000
    6327721,  0.00000000
    6327722, -0.00030518
    6327723, -0.00030518
    6327724, -0.00030518
    6327725,  0.00030518
    6327726,  0.00000000
    6327727,  0.00061035
    6327728, -0.00061035
    6327729, -0.00061035
    6327730, -0.00091553
    6327731, -0.00061035
    6327732,  0.00000000
    6327733, -0.00030518
    6327734, -0.00061035
    6327735, -0.00030518
    6327736, -0.00061035
    6327737, -0.00030518
    6327738, -0.00091553
    6327739, -0.00030518
    6327740, -0.00091553
    6327741, -0.00091553
    6327742, -0.00030518
    6327743,  0.00030518
    6327744,  0.00000000
    6327745, -0.00030518
    6327746, -0.00030518
    6327747, -0.00030518
    6327748,  0.00000000
    6327749,  0.00030518
    6327750, -0.00030518
    6327751, -0.00030518
    6327752, -0.00061035
    6327753, -0.00030518
    6327754, -0.00030518
    6327755,  0.00000000
    6327756,  0.00000000
    6327757,  0.00030518
    6327758,  0.00000000
    6327759,  0.00030518
    6327760, -0.00061035
    6327761,  0.00000000
    6327762, -0.00030518
    6327763, -0.00122070
    6327764,  0.00030518
    6327765, -0.00091553
    6327766, -0.00152588
    6327767,  0.00000000
    6327768,  0.00000000
    6327769, -0.00030518
    6327770,  0.00061035
    6327771,  0.00030518
    6327772,  0.00030518
    6327773, -0.00061035
    6327774,  0.00061035
    6327775, -0.00030518
    6327776, -0.00030518
    6327777, -0.00061035
    6327778,  0.00000000
    6327779,  0.00000000
    6327780, -0.00030518
    6327781, -0.00061035
    6327782,  0.00000000
    6327783, -0.00091553
    6327784, -0.00061035
    6327785, -0.00030518
    6327786,  0.00000000
    6327787,  0.00000000
    6327788, -0.00152588
    6327789,  0.00000000
    6327790,  0.00000000
    6327791,  0.00000000
    6327792, -0.00061035
    6327793, -0.00030518
    6327794, -0.00030518
    6327795, -0.00030518
    6327796, -0.00061035
    6327797,  0.00000000
    6327798, -0.00030518
    6327799,  0.00000000
    6327800,  0.00030518
    6327801,  0.00030518
    6327802,  0.00000000
    6327803,  0.00000000
    6327804,  0.00000000
    6327805,  0.00000000
    6327806, -0.00030518
    6327807, -0.00061035
    6327808, -0.00030518
    6327809, -0.00061035
    6327810, -0.00122070
    6327811,  0.00000000
    6327812, -0.00030518
    6327813, -0.00091553
    6327814,  0.00000000
    6327815,  0.00000000
    6327816, -0.00030518
    6327817,  0.00030518
    6327818, -0.00030518
    6327819, -0.00030518
    6327820, -0.00061035
    6327821,  0.00000000
    6327822, -0.00030518
    6327823,  0.00030518
    6327824,  0.00061035
    6327825,  0.00000000
    6327826, -0.00030518
    6327827,  0.00030518
    6327828, -0.00030518
    6327829,  0.00000000
    6327830, -0.00091553
    6327831,  0.00000000
    6327832,  0.00000000
    6327833, -0.00091553
    6327834, -0.00061035
    6327835,  0.00030518
    6327836, -0.00030518
    6327837,  0.00000000
    6327838,  0.00000000
    6327839,  0.00000000
    6327840,  0.00000000
    6327841, -0.00061035
    6327842, -0.00061035
    6327843, -0.00030518
    6327844, -0.00030518
    6327845, -0.00030518
    6327846, -0.00061035
    6327847,  0.00030518
    6327848, -0.00030518
    6327849, -0.00030518
    6327850, -0.00061035
    6327851, -0.00061035
    6327852, -0.00030518
    6327853,  0.00000000
    6327854, -0.00061035
    6327855, -0.00030518
    6327856, -0.00091553
    6327857, -0.00091553
    6327858, -0.00061035
    6327859, -0.00061035
    6327860,  0.00000000
    6327861,  0.00000000
    6327862, -0.00091553
    6327863, -0.00091553
    6327864, -0.00091553
    6327865, -0.00061035
    6327866, -0.00061035
    6327867,  0.00030518
    6327868,  0.00030518
    6327869,  0.00030518
    6327870,  0.00000000
    6327871,  0.00061035
    6327872,  0.00000000
    6327873, -0.00030518
    6327874, -0.00183105
    6327875, -0.00030518
    6327876, -0.00061035
    6327877, -0.00061035
    6327878, -0.00030518
    6327879, -0.00030518
    6327880, -0.00030518
    6327881,  0.00030518
    6327882,  0.00061035
    6327883, -0.00030518
    6327884, -0.00030518
    6327885,  0.00000000
    6327886, -0.00183105
    6327887, -0.00030518
    6327888, -0.00030518
    6327889, -0.00091553
    6327890, -0.00030518
    6327891,  0.00030518
    6327892, -0.00030518
    6327893, -0.00030518
    6327894, -0.00061035
    6327895, -0.00030518
    6327896, -0.00061035
    6327897, -0.00030518
    6327898,  0.00000000
    6327899,  0.00000000
    6327900,  0.00061035
    6327901,  0.00030518
    6327902, -0.00091553
    6327903,  0.00061035
    6327904,  0.00030518
    6327905,  0.00000000
    6327906, -0.00061035
    6327907, -0.00091553
    6327908, -0.00061035
    6327909,  0.00000000
    6327910,  0.00061035
    6327911,  0.00030518
    6327912,  0.00030518
    6327913,  0.00000000
    6327914,  0.00000000
    6327915,  0.00030518
    6327916, -0.00122070
    6327917, -0.00030518
    6327918, -0.00030518
    6327919,  0.00030518
    6327920,  0.00000000
    6327921,  0.00000000
    6327922, -0.00152588
    6327923, -0.00030518
    6327924,  0.00000000
    6327925, -0.00030518
    6327926, -0.00061035
    6327927, -0.00122070
    6327928, -0.00030518
    6327929, -0.00091553
    6327930, -0.00030518
    6327931, -0.00030518
    6327932,  0.00000000
    6327933, -0.00091553
    6327934, -0.00030518
    6327935,  0.00000000
    6327936,  0.00000000
    6327937, -0.00030518
    6327938, -0.00061035
    6327939, -0.00030518
    6327940, -0.00030518
    6327941, -0.00030518
    6327942, -0.00030518
    6327943,  0.00000000
    6327944,  0.00030518
    6327945,  0.00000000
    6327946,  0.00000000
    6327947,  0.00000000
    6327948,  0.00000000
    6327949, -0.00061035
    6327950,  0.00000000
    6327951, -0.00030518
    6327952, -0.00030518
    6327953, -0.00061035
    6327954,  0.00030518
    6327955, -0.00091553
    6327956,  0.00000000
    6327957, -0.00061035
    6327958, -0.00030518
    6327959,  0.00000000
    6327960, -0.00061035
    6327961, -0.00030518
    6327962, -0.00030518
    6327963, -0.00061035
    6327964, -0.00061035
    6327965, -0.00030518
    6327966, -0.00061035
    6327967, -0.00061035
    6327968,  0.00030518
    6327969, -0.00030518
    6327970,  0.00000000
    6327971,  0.00000000
    6327972, -0.00030518
    6327973, -0.00030518
    6327974, -0.00030518
    6327975, -0.00030518
    6327976, -0.00061035
    6327977,  0.00000000
    6327978,  0.00000000
    6327979, -0.00030518
    6327980,  0.00030518
    6327981,  0.00061035
    6327982, -0.00030518
    6327983, -0.00061035
    6327984, -0.00030518
    6327985,  0.00000000
    6327986, -0.00061035
    6327987,  0.00030518
    6327988,  0.00030518
    6327989,  0.00091553
    6327990,  0.00091553
    6327991,  0.00061035
    6327992,  0.00000000
    6327993, -0.00091553
    6327994, -0.00030518
    6327995, -0.00030518
    6327996, -0.00091553
    6327997,  0.00000000
    6327998, -0.00061035
    6327999,  0.00030518
    6328000,  0.00030518
    6328001, -0.00030518
    6328002,  0.00000000
    6328003,  0.00061035
    6328004, -0.00152588
    6328005, -0.00030518
    6328006, -0.00091553
    6328007, -0.00061035
    6328008, -0.00061035
    6328009,  0.00000000
    6328010, -0.00061035
    6328011, -0.00152588
    6328012, -0.00030518
    6328013,  0.00030518
    6328014,  0.00000000
    6328015,  0.00000000
    6328016, -0.00091553
    6328017,  0.00000000
    6328018,  0.00000000
    6328019, -0.00061035
    6328020, -0.00152588
    6328021,  0.00030518
    6328022, -0.00061035
    6328023,  0.00000000
    6328024,  0.00000000
    6328025,  0.00000000
    6328026, -0.00091553
    6328027, -0.00030518
    6328028, -0.00091553
    6328029, -0.00061035
    6328030, -0.00122070
    6328031, -0.00061035
    6328032,  0.00000000
    6328033, -0.00030518
    6328034, -0.00030518
    6328035,  0.00000000
    6328036,  0.00030518
    6328037,  0.00061035
    6328038, -0.00030518
    6328039,  0.00000000
    6328040,  0.00061035
    6328041,  0.00061035
    6328042,  0.00061035
    6328043,  0.00030518
    6328044, -0.00061035
    6328045,  0.00000000
    6328046, -0.00030518
    6328047, -0.00030518
    6328048, -0.00030518
    6328049, -0.00061035
    6328050, -0.00091553
    6328051, -0.00091553
    6328052, -0.00030518
    6328053, -0.00061035
    6328054, -0.00030518
    6328055,  0.00000000
    6328056, -0.00030518
    6328057, -0.00061035
    6328058, -0.00061035
    6328059, -0.00061035
    6328060, -0.00030518
    6328061,  0.00000000
    6328062,  0.00000000
    6328063, -0.00030518
    6328064, -0.00030518
    6328065,  0.00061035
    6328066,  0.00000000
    6328067, -0.00122070
    6328068,  0.00000000
    6328069,  0.00000000
    6328070, -0.00030518
    6328071,  0.00091553
    6328072,  0.00000000
    6328073,  0.00000000
    6328074,  0.00030518
    6328075,  0.00000000
    6328076,  0.00000000
    6328077,  0.00030518
    6328078,  0.00000000
    6328079,  0.00000000
    6328080,  0.00030518
    6328081, -0.00091553
    6328082,  0.00000000
    6328083, -0.00122070
    6328084,  0.00000000
    6328085,  0.00030518
    6328086, -0.00030518
    6328087, -0.00030518
    6328088,  0.00000000
    6328089,  0.00030518
    6328090,  0.00000000
    6328091,  0.00030518
    6328092,  0.00030518
    6328093, -0.00030518
    6328094, -0.00030518
    6328095, -0.00030518
    6328096, -0.00030518
    6328097, -0.00061035
    6328098,  0.00000000
    6328099, -0.00061035
    6328100,  0.00000000
    6328101, -0.00030518
    6328102, -0.00030518
    6328103, -0.00030518
    6328104, -0.00030518
    6328105, -0.00030518
    6328106, -0.00030518
    6328107, -0.00091553
    6328108,  0.00000000
    6328109,  0.00030518
    6328110, -0.00030518
    6328111,  0.00000000
    6328112,  0.00000000
    6328113,  0.00030518
    6328114,  0.00000000
    6328115,  0.00030518
    6328116,  0.00000000
    6328117,  0.00000000
    6328118, -0.00091553
    6328119, -0.00091553
    6328120, -0.00061035
    6328121, -0.00061035
    6328122, -0.00061035
    6328123,  0.00030518
    6328124,  0.00000000
    6328125,  0.00000000
    6328126,  0.00000000
    6328127, -0.00030518
    6328128, -0.00061035
    6328129, -0.00061035
    6328130,  0.00000000
    6328131, -0.00091553
    6328132, -0.00030518
    6328133,  0.00000000
    6328134, -0.00030518
    6328135, -0.00030518
    6328136, -0.00061035
    6328137,  0.00061035
    6328138, -0.00030518
    6328139, -0.00061035
    6328140, -0.00122070
    6328141,  0.00000000
    6328142,  0.00000000
    6328143,  0.00000000
    6328144, -0.00091553
    6328145, -0.00030518
    6328146, -0.00030518
    6328147,  0.00000000
    6328148,  0.00000000
    6328149, -0.00030518
    6328150,  0.00030518
    6328151, -0.00030518
    6328152, -0.00061035
    6328153, -0.00030518
    6328154,  0.00030518
    6328155, -0.00030518
    6328156,  0.00030518
    6328157,  0.00030518
    6328158,  0.00030518
    6328159,  0.00000000
    6328160,  0.00030518
    6328161, -0.00061035
    6328162, -0.00091553
    6328163, -0.00061035
    6328164, -0.00061035
    6328165, -0.00061035
    6328166,  0.00000000
    6328167, -0.00030518
    6328168,  0.00000000
    6328169, -0.00091553
    6328170, -0.00091553
    6328171, -0.00030518
    6328172, -0.00061035
    6328173, -0.00061035
    6328174, -0.00061035
    6328175, -0.00061035
    6328176,  0.00000000
    6328177, -0.00030518
    6328178,  0.00000000
    6328179,  0.00030518
    6328180, -0.00030518
    6328181,  0.00030518
    6328182, -0.00091553
    6328183, -0.00030518
    6328184, -0.00030518
    6328185,  0.00000000
    6328186, -0.00030518
    6328187,  0.00000000
    6328188, -0.00122070
    6328189, -0.00030518
    6328190,  0.00030518
    6328191, -0.00061035
    6328192,  0.00000000
    6328193, -0.00061035
    6328194, -0.00030518
    6328195,  0.00000000
    6328196, -0.00061035
    6328197,  0.00061035
    6328198,  0.00000000
    6328199,  0.00000000
    6328200, -0.00030518
    6328201,  0.00000000
    6328202,  0.00000000
    6328203,  0.00030518
    6328204, -0.00030518
    6328205, -0.00061035
    6328206,  0.00000000
    6328207, -0.00030518
    6328208,  0.00061035
    6328209,  0.00030518
    6328210,  0.00030518
    6328211,  0.00000000
    6328212,  0.00030518
    6328213, -0.00091553
    6328214, -0.00091553
    6328215, -0.00030518
    6328216,  0.00000000
    6328217, -0.00030518
    6328218, -0.00030518
    6328219, -0.00061035
    6328220,  0.00030518
    6328221, -0.00061035
    6328222, -0.00030518
    6328223, -0.00030518
    6328224,  0.00000000
    6328225,  0.00000000
    6328226,  0.00000000
    6328227, -0.00030518
    6328228, -0.00030518
    6328229, -0.00061035
    6328230,  0.00030518
    6328231, -0.00030518
    6328232, -0.00030518
    6328233, -0.00030518
    6328234, -0.00122070
    6328235, -0.00061035
    6328236, -0.00030518
    6328237,  0.00000000
    6328238, -0.00061035
    6328239, -0.00091553
    6328240, -0.00061035
    6328241, -0.00061035
    6328242,  0.00000000
    6328243, -0.00030518
    6328244, -0.00061035
    6328245, -0.00030518
    6328246, -0.00122070
    6328247,  0.00061035
    6328248,  0.00000000
    6328249,  0.00030518
    6328250, -0.00030518
    6328251, -0.00061035
    6328252, -0.00030518
    6328253,  0.00030518
    6328254, -0.00030518
    6328255, -0.00030518
    6328256,  0.00030518
    6328257, -0.00030518
    6328258, -0.00030518
    6328259,  0.00000000
    6328260,  0.00000000
    6328261, -0.00061035
    6328262, -0.00091553
    6328263, -0.00091553
    6328264, -0.00061035
    6328265, -0.00030518
    6328266, -0.00061035
    6328267, -0.00091553
    6328268, -0.00030518
    6328269,  0.00000000
    6328270,  0.00061035
    6328271,  0.00030518
    6328272,  0.00030518
    6328273, -0.00061035
    6328274, -0.00030518
    6328275, -0.00152588
    6328276, -0.00030518
    6328277,  0.00030518
    6328278, -0.00091553
    6328279, -0.00061035
    6328280,  0.00000000
    6328281,  0.00000000
    6328282, -0.00030518
    6328283,  0.00030518
    6328284, -0.00030518
    6328285, -0.00030518
    6328286, -0.00061035
    6328287, -0.00061035
    6328288,  0.00000000
    6328289,  0.00000000
    6328290, -0.00030518
    6328291,  0.00000000
    6328292,  0.00000000
    6328293,  0.00000000
    6328294, -0.00030518
    6328295, -0.00030518
    6328296,  0.00000000
    6328297, -0.00030518
    6328298, -0.00122070
    6328299, -0.00030518
    6328300,  0.00000000
    6328301,  0.00000000
    6328302,  0.00030518
    6328303,  0.00000000
    6328304, -0.00061035
    6328305, -0.00030518
    6328306, -0.00091553
    6328307, -0.00061035
    6328308, -0.00030518
    6328309, -0.00061035
    6328310, -0.00061035
    6328311, -0.00061035
    6328312,  0.00000000
    6328313, -0.00091553
    6328314, -0.00030518
    6328315, -0.00122070
    6328316, -0.00061035
    6328317, -0.00061035
    6328318,  0.00000000
    6328319,  0.00000000
    6328320,  0.00000000
    6328321,  0.00030518
    6328322,  0.00061035
    6328323,  0.00000000
    6328324,  0.00000000
    6328325, -0.00091553
    6328326,  0.00000000
    6328327,  0.00000000
    6328328, -0.00091553
    6328329, -0.00030518
    6328330, -0.00091553
    6328331,  0.00030518
    6328332, -0.00030518
    6328333,  0.00000000
    6328334, -0.00091553
    6328335,  0.00000000
    6328336,  0.00000000
    6328337,  0.00000000
    6328338,  0.00000000
    6328339,  0.00061035
    6328340,  0.00030518
    6328341,  0.00000000
    6328342,  0.00030518
    6328343, -0.00030518
    6328344, -0.00030518
    6328345, -0.00152588
    6328346, -0.00030518
    6328347,  0.00000000
    6328348,  0.00030518
    6328349,  0.00030518
    6328350,  0.00030518
    6328351,  0.00000000
    6328352,  0.00000000
    6328353, -0.00030518
    6328354,  0.00030518
    6328355, -0.00030518
    6328356,  0.00061035
    6328357,  0.00000000
    6328358,  0.00000000
    6328359,  0.00030518
    6328360, -0.00061035
    6328361, -0.00030518
    6328362, -0.00030518
    6328363, -0.00091553
    6328364, -0.00030518
    6328365, -0.00030518
    6328366,  0.00000000
    6328367, -0.00061035
    6328368, -0.00061035
    6328369,  0.00030518
    6328370,  0.00030518
    6328371,  0.00000000
    6328372,  0.00000000
    6328373,  0.00000000
    6328374, -0.00030518
    6328375, -0.00061035
    6328376,  0.00061035
    6328377, -0.00030518
    6328378, -0.00030518
    6328379,  0.00000000
    6328380,  0.00000000
    6328381, -0.00030518
    6328382, -0.00091553
    6328383, -0.00061035
    6328384,  0.00030518
    6328385, -0.00030518
    6328386, -0.00061035
    6328387,  0.00000000
    6328388,  0.00030518
    6328389, -0.00030518
    6328390,  0.00000000
    6328391, -0.00122070
    6328392, -0.00030518
    6328393, -0.00030518
    6328394,  0.00000000
    6328395, -0.00061035
    6328396, -0.00030518
    6328397, -0.00030518
    6328398, -0.00061035
    6328399, -0.00030518
    6328400,  0.00000000
    6328401,  0.00000000
    6328402, -0.00030518
    6328403, -0.00030518
    6328404,  0.00000000
    6328405,  0.00000000
    6328406,  0.00030518
    6328407,  0.00000000
    6328408, -0.00030518
    6328409, -0.00061035
    6328410,  0.00030518
    6328411, -0.00030518
    6328412, -0.00061035
    6328413, -0.00061035
    6328414, -0.00030518
    6328415, -0.00061035
    6328416, -0.00030518
    6328417,  0.00030518
    6328418, -0.00061035
    6328419,  0.00000000
    6328420,  0.00000000
    6328421, -0.00030518
    6328422,  0.00000000
    6328423,  0.00030518
    6328424, -0.00091553
    6328425,  0.00030518
    6328426, -0.00030518
    6328427, -0.00061035
    6328428,  0.00000000
    6328429, -0.00030518
    6328430,  0.00030518
    6328431,  0.00061035
    6328432,  0.00000000
    6328433,  0.00000000
    6328434, -0.00030518
    6328435, -0.00061035
    6328436, -0.00030518
    6328437, -0.00030518
    6328438, -0.00030518
    6328439, -0.00030518
    6328440, -0.00030518
    6328441, -0.00061035
    6328442, -0.00030518
    6328443, -0.00030518
    6328444,  0.00030518
    6328445,  0.00000000
    6328446,  0.00030518
    6328447,  0.00000000
    6328448,  0.00030518
    6328449, -0.00030518
    6328450,  0.00000000
    6328451,  0.00000000
    6328452,  0.00000000
    6328453,  0.00030518
    6328454, -0.00030518
    6328455, -0.00030518
    6328456,  0.00000000
    6328457, -0.00061035
    6328458, -0.00061035
    6328459,  0.00000000
    6328460, -0.00091553
    6328461, -0.00030518
    6328462, -0.00061035
    6328463, -0.00030518
    6328464,  0.00000000
    6328465, -0.00030518
    6328466, -0.00030518
    6328467, -0.00061035
    6328468, -0.00152588
    6328469,  0.00030518
    6328470,  0.00000000
    6328471,  0.00030518
    6328472,  0.00030518
    6328473,  0.00000000
    6328474, -0.00061035
    6328475, -0.00061035
    6328476, -0.00152588
    6328477,  0.00030518
    6328478, -0.00030518
    6328479, -0.00030518
    6328480,  0.00000000
    6328481, -0.00030518
    6328482, -0.00091553
    6328483, -0.00030518
    6328484, -0.00061035
    6328485, -0.00122070
    6328486, -0.00091553
    6328487, -0.00122070
    6328488, -0.00061035
    6328489,  0.00000000
    6328490,  0.00000000
    6328491,  0.00000000
    6328492, -0.00030518
    6328493, -0.00030518
    6328494,  0.00030518
    6328495, -0.00091553
    6328496, -0.00061035
    6328497, -0.00030518
    6328498, -0.00030518
    6328499,  0.00030518
    6328500,  0.00030518
    6328501, -0.00030518
    6328502, -0.00061035
    6328503, -0.00030518
    6328504,  0.00061035
    6328505,  0.00061035
    6328506,  0.00000000
    6328507,  0.00000000
    6328508,  0.00030518
    6328509,  0.00000000
    6328510,  0.00000000
    6328511, -0.00061035
    6328512,  0.00000000
    6328513,  0.00000000
    6328514,  0.00000000
    6328515, -0.00030518
    6328516,  0.00000000
    6328517, -0.00061035
    6328518, -0.00061035
    6328519, -0.00091553
    6328520,  0.00030518
    6328521, -0.00030518
    6328522,  0.00000000
    6328523,  0.00000000
    6328524, -0.00061035
    6328525, -0.00030518
    6328526, -0.00030518
    6328527, -0.00061035
    6328528,  0.00000000
    6328529,  0.00000000
    6328530, -0.00091553
    6328531,  0.00000000
    6328532,  0.00000000
    6328533,  0.00000000
    6328534, -0.00030518
    6328535,  0.00000000
    6328536,  0.00000000
    6328537, -0.00030518
    6328538, -0.00030518
    6328539,  0.00030518
    6328540, -0.00030518
    6328541, -0.00030518
    6328542,  0.00000000
    6328543,  0.00061035
    6328544,  0.00000000
    6328545, -0.00030518
    6328546,  0.00000000
    6328547, -0.00030518
    6328548,  0.00030518
    6328549, -0.00061035
    6328550,  0.00000000
    6328551,  0.00000000
    6328552,  0.00061035
    6328553,  0.00061035
    6328554, -0.00030518
    6328555, -0.00030518
    6328556,  0.00030518
    6328557,  0.00030518
    6328558, -0.00030518
    6328559, -0.00030518
    6328560, -0.00091553
    6328561, -0.00091553
    6328562,  0.00000000
    6328563, -0.00061035
    6328564, -0.00061035
    6328565,  0.00000000
    6328566, -0.00061035
    6328567,  0.00030518
    6328568,  0.00000000
    6328569,  0.00091553
    6328570,  0.00030518
    6328571,  0.00000000
    6328572,  0.00030518
    6328573,  0.00000000
    6328574,  0.00000000
    6328575, -0.00091553
    6328576, -0.00061035
    6328577, -0.00061035
    6328578, -0.00030518
    6328579,  0.00000000
    6328580,  0.00000000
    6328581,  0.00000000
    6328582,  0.00030518
    6328583,  0.00030518
    6328584,  0.00030518
    6328585,  0.00000000
    6328586, -0.00091553
    6328587, -0.00030518
    6328588, -0.00061035
    6328589,  0.00000000
    6328590,  0.00000000
    6328591,  0.00030518
    6328592,  0.00030518
    6328593,  0.00000000
    6328594,  0.00000000
    6328595, -0.00030518
    6328596,  0.00000000
    6328597,  0.00000000
    6328598, -0.00030518
    6328599, -0.00061035
    6328600, -0.00030518
    6328601, -0.00061035
    6328602,  0.00030518
    6328603,  0.00000000
    6328604, -0.00030518
    6328605, -0.00061035
    6328606, -0.00091553
    6328607, -0.00030518
    6328608,  0.00030518
    6328609,  0.00000000
    6328610,  0.00000000
    6328611,  0.00030518
    6328612,  0.00030518
    6328613,  0.00000000
    6328614,  0.00030518
    6328615, -0.00030518
    6328616, -0.00061035
    6328617, -0.00030518
    6328618, -0.00061035
    6328619,  0.00061035
    6328620,  0.00030518
    6328621,  0.00030518
    6328622,  0.00000000
    6328623, -0.00030518
    6328624, -0.00030518
    6328625, -0.00061035
    6328626, -0.00030518
    6328627, -0.00061035
    6328628, -0.00030518
    6328629, -0.00030518
    6328630, -0.00030518
    6328631,  0.00061035
    6328632,  0.00061035
    6328633,  0.00000000
    6328634,  0.00000000
    6328635,  0.00000000
    6328636,  0.00000000
    6328637, -0.00061035
    6328638, -0.00030518
    6328639,  0.00030518
    6328640,  0.00000000
    6328641,  0.00000000
    6328642,  0.00000000
    6328643,  0.00000000
    6328644,  0.00030518
    6328645,  0.00000000
    6328646, -0.00030518
    6328647, -0.00061035
    6328648, -0.00030518
    6328649,  0.00000000
    6328650, -0.00061035
    6328651, -0.00030518
    6328652,  0.00000000
    6328653, -0.00061035
    6328654,  0.00000000
    6328655, -0.00030518
    6328656, -0.00061035
    6328657, -0.00061035
    6328658, -0.00122070
    6328659, -0.00030518
    6328660, -0.00091553
    6328661, -0.00030518
    6328662,  0.00030518
    6328663, -0.00030518
    6328664,  0.00061035
    6328665,  0.00000000
    6328666,  0.00030518
    6328667, -0.00030518
    6328668,  0.00000000
    6328669,  0.00000000
    6328670, -0.00030518
    6328671, -0.00030518
    6328672, -0.00030518
    6328673,  0.00000000
    6328674,  0.00030518
    6328675, -0.00030518
    6328676, -0.00061035
    6328677, -0.00061035
    6328678,  0.00000000
    6328679,  0.00000000
    6328680,  0.00061035
    6328681,  0.00030518
    6328682,  0.00061035
    6328683,  0.00000000
    6328684, -0.00030518
    6328685, -0.00030518
    6328686, -0.00030518
    6328687, -0.00030518
    6328688,  0.00000000
    6328689, -0.00030518
    6328690, -0.00061035
    6328691, -0.00183105
    6328692,  0.00000000
    6328693, -0.00061035
    6328694, -0.00061035
    6328695, -0.00061035
    6328696, -0.00030518
    6328697, -0.00030518
    6328698, -0.00030518
    6328699,  0.00030518
    6328700, -0.00030518
    6328701,  0.00000000
    6328702, -0.00030518
    6328703,  0.00061035
    6328704,  0.00000000
    6328705,  0.00061035
    6328706, -0.00061035
    6328707, -0.00030518
    6328708, -0.00030518
    6328709, -0.00061035
    6328710, -0.00030518
    6328711, -0.00061035
    6328712, -0.00030518
    6328713, -0.00030518
    6328714, -0.00030518
    6328715, -0.00030518
    6328716, -0.00030518
    6328717,  0.00000000
    6328718,  0.00000000
    6328719,  0.00000000
    6328720,  0.00030518
    6328721,  0.00000000
    6328722, -0.00061035
    6328723,  0.00000000
    6328724,  0.00000000
    6328725,  0.00000000
    6328726, -0.00030518
    6328727, -0.00122070
    6328728, -0.00061035
    6328729,  0.00030518
    6328730,  0.00061035
    6328731,  0.00000000
    6328732, -0.00030518
    6328733,  0.00030518
    6328734, -0.00061035
    6328735, -0.00030518
    6328736, -0.00030518
    6328737, -0.00061035
    6328738,  0.00000000
    6328739,  0.00030518
    6328740, -0.00091553
    6328741,  0.00030518
    6328742, -0.00061035
    6328743, -0.00061035
    6328744, -0.00030518
    6328745, -0.00030518
    6328746, -0.00122070
    6328747, -0.00030518
    6328748, -0.00030518
    6328749, -0.00030518
    6328750, -0.00061035
    6328751,  0.00000000
    6328752,  0.00000000
    6328753, -0.00030518
    6328754,  0.00000000
    6328755,  0.00000000
    6328756, -0.00030518
    6328757, -0.00061035
    6328758,  0.00030518
    6328759, -0.00091553
    6328760, -0.00091553
    6328761, -0.00061035
    6328762, -0.00030518
    6328763,  0.00000000
    6328764, -0.00030518
    6328765, -0.00030518
    6328766, -0.00030518
    6328767,  0.00000000
    6328768,  0.00000000
    6328769,  0.00000000
    6328770,  0.00000000
    6328771,  0.00000000
    6328772,  0.00000000
    6328773,  0.00000000
    6328774, -0.00061035
    6328775, -0.00061035
    6328776,  0.00030518
    6328777,  0.00000000
    6328778, -0.00061035
    6328779,  0.00061035
    6328780, -0.00152588
    6328781, -0.00030518
    6328782,  0.00000000
    6328783,  0.00000000
    6328784, -0.00030518
    6328785, -0.00030518
    6328786, -0.00061035
    6328787, -0.00061035
    6328788, -0.00091553
    6328789, -0.00030518
    6328790, -0.00061035
    6328791, -0.00030518
    6328792,  0.00000000
    6328793, -0.00030518
    6328794, -0.00030518
    6328795, -0.00030518
    6328796, -0.00061035
    6328797, -0.00061035
    6328798, -0.00061035
    6328799, -0.00030518
    6328800, -0.00030518
    6328801,  0.00091553
    6328802,  0.00030518
    6328803,  0.00000000
    6328804,  0.00000000
    6328805, -0.00030518
    6328806, -0.00061035
    6328807, -0.00091553
    6328808, -0.00122070
    6328809, -0.00061035
    6328810, -0.00061035
    6328811,  0.00000000
    6328812,  0.00000000
    6328813, -0.00061035
    6328814,  0.00000000
    6328815, -0.00091553
    6328816, -0.00061035
    6328817, -0.00061035
    6328818, -0.00091553
    6328819, -0.00030518