   24137435, -0.00030518
   24137436,  0.00000000
   24137437,  0.00000000
   24137438,  0.00030518
   24137439, -0.00030518
   24137440,  0.00000000
   24137441, -0.00030518
   24137442,  0.00030518
   24137443, -0.00030518
   24137444, -0.00061035
   24137445,  0.00000000
   24137446, -0.00061035
   24137447,  0.00000000
   24137448,  0.00000000
   24137449,  0.00030518
   24137450, -0.00030518
   24137451,  0.00000000
   24137452, -0.00030518
   24137453, -0.00061035
   24137454, -0.00030518
   24137455, -0.00030518
   24137456,  0.00000000
   24137457,  0.00000000
   24137458, -0.00030518
   24137459,  0.00030518
   24137460,  0.00030518
   24137461,  0.00000000
   24137462,  0.00000000
   24137463,  0.00000000
   24137464,  0.00030518
   24137465,  0.00030518
   24137466,  0.00000000
   24137467, -0.00030518
   24137468, -0.00030518
   24137469, -0.00030518
   24137470, -0.00030518
   24137471, -0.00030518
   24137472,  0.00030518
   24137473, -0.00030518
   24137474,  0.00030518
   24137475,  0.00000000
   24137476, -0.00030518
   24137477, -0.00030518
   24137478,  0.00000000
   24137479,  0.00030518
   24137480,  0.00061035
   24137481,  0.00000000
   24137482,  0.00000000
   24137483, -0.00030518
   24137484, -0.00061035
   24137485, -0.00152588
   24137486, -0.00091553
   24137487,  0.00000000
   24137488, -0.00030518
   24137489, -0.00061035
   24137490, -0.00030518
   24137491,  0.00000000
   24137492,  0.00000000
   24137493, -0.00061035
   24137494,  0.00000000
   24137495, -0.00061035
   24137496,  0.00000000
   24137497, -0.00030518
   24137498,  0.00000000
   24137499,  0.00030518
   24137500,  0.00030518
   24137501,  0.00061035
   24137502,  0.00000000
   24137503,  0.00061035
   24137504, -0.00061035
   24137505,  0.00000000
   24137506, -0.00030518
   24137507, -0.00122070
   24137508, -0.00030518
   24137509, -0.00030518
   24137510, -0.00061035
   24137511,  0.00030518
   24137512, -0.00030518
   24137513,  0.00000000
   24137514,  0.00000000
   24137515, -0.00091553
   24137516, -0.00030518
   24137517, -0.00030518
   24137518, -0.00030518
   24137519,  0.00000000
   24137520,  0.00030518
   24137521,  0.00000000
   24137522, -0.00061035
   24137523, -0.00091553
   24137524,  0.00000000
   24137525,  0.00000000
   24137526, -0.00061035
   24137527, -0.00030518
   24137528, -0.00030518
   24137529, -0.00030518
   24137530, -0.00030518
   24137531,  0.00061035
   24137532, -0.00030518
   24137533,  0.00030518
   24137534,  0.00000000
   24137535,  0.00000000
   24137536,  0.00000000
   24137537,  0.00000000
   24137538, -0.00061035
   24137539, -0.00061035
   24137540, -0.00030518
   24137541,  0.00030518
   24137542, -0.00030518
   24137543,  0.00000000
   24137544,  0.00000000
   24137545, -0.00030518
   24137546, -0.00061035
   24137547,  0.00000000
   24137548,  0.00000000
   24137549, -0.00030518
   24137550,  0.00030518
   24137551,  0.00000000
   24137552,  0.00000000
   24137553,  0.00000000
   24137554,  0.00030518
   24137555, -0.00091553
   24137556, -0.00030518
   24137557,  0.00030518
   24137558,  0.00061035
   24137559, -0.00061035
   24137560,  0.00030518
   24137561,  0.00000000
   24137562,  0.00000000
   24137563,  0.00000000
   24137564, -0.00030518
   24137565, -0.00091553
   24137566, -0.00030518
   24137567, -0.00030518
   24137568, -0.00030518
   24137569,  0.00000000
   24137570,  0.00000000
   24137571, -0.00030518
   24137572,  0.00030518
   24137573, -0.00030518
   24137574, -0.00030518
   24137575, -0.00030518
   24137576, -0.00030518
   24137577,  0.00000000
   24137578,  0.00061035
   24137579,  0.00030518
   24137580,  0.00030518
   24137581,  0.00030518
   24137582,  0.00030518
   24137583,  0.00030518
   24137584,  0.00030518
   24137585,  0.00000000
   24137586,  0.00061035
   24137587, -0.00061035
   24137588, -0.00030518
   24137589, -0.00030518
   24137590, -0.00030518
   24137591, -0.00030518
   24137592, -0.00030518
   24137593, -0.00091553
   24137594, -0.00030518
   24137595, -0.00030518
   24137596,  0.00000000
   24137597, -0.00061035
   24137598, -0.00061035
   24137599,  0.00061035
   24137600, -0.00030518
   24137601,  0.00030518
   24137602,  0.00000000
   24137603, -0.00122070
   24137604, -0.00061035
   24137605, -0.00061035
   24137606, -0.00030518
   24137607, -0.00152588
   24137608, -0.00061035
   24137609,  0.00030518
   24137610,  0.00030518
   24137611,  0.00061035
   24137612,  0.00030518
   24137613,  0.00030518
   24137614, -0.00061035
   24137615,  0.00000000
   24137616, -0.00061035
   24137617, -0.00030518
   24137618,  0.00000000
   24137619, -0.00030518
   24137620, -0.00091553
   24137621,  0.00030518
   24137622,  0.00000000
   24137623, -0.00061035
   24137624, -0.00030518
   24137625,  0.00000000
   24137626,  0.00000000
   24137627,  0.00000000
   24137628, -0.00030518
   24137629,  0.00000000
   24137630,  0.00030518
   24137631,  0.00000000
   24137632,  0.00000000
   24137633, -0.00030518
   24137634, -0.00061035
   24137635, -0.00061035
   24137636, -0.00061035
   24137637,  0.00030518
   24137638, -0.00030518
   24137639, -0.00030518
   24137640, -0.00061035
   24137641,  0.00000000
   24137642,  0.00000000
   24137643, -0.00030518
   24137644, -0.00030518
   24137645,  0.00030518
   24137646,  0.00000000
   24137647, -0.00030518
   24137648,  0.00000000
   24137649, -0.00030518
   24137650, -0.00091553
   24137651, -0.00061035
   24137652,  0.00030518
   24137653,  0.00000000
   24137654,  0.00000000
   24137655,  0.00000000
   24137656, -0.00061035
   24137657, -0.00061035
   24137658,  0.00000000
   24137659,  0.00000000
   24137660,  0.00000000
   24137661, -0.00061035
   24137662, -0.00030518
   24137663,  0.00000000
   24137664,  0.00000000
   24137665,  0.00030518
   24137666,  0.00000000
   24137667,  0.00000000
   24137668,  0.00000000
   24137669, -0.00030518
   24137670,  0.00030518
   24137671,  0.00030518
   24137672,  0.00061035
   24137673,  0.00061035
   24137674,  0.00061035
   24137675,  0.00000000
   24137676, -0.00030518
   24137677, -0.00030518
   24137678,  0.00000000
   24137679,  0.00061035
   24137680, -0.00030518
   24137681, -0.00122070
   24137682,  0.00000000
   24137683, -0.00091553
   24137684, -0.00061035
   24137685, -0.00091553
   24137686, -0.00030518
   24137687,  0.00000000
   24137688, -0.00152588
   24137689,  0.00000000
   24137690, -0.00030518
   24137691, -0.00061035
   24137692,  0.00000000
   24137693,  0.00030518
   24137694, -0.00061035
   24137695, -0.00030518
   24137696, -0.00061035
   24137697,  0.00000000
   24137698,  0.00000000
   24137699, -0.00030518
   24137700, -0.00061035
   24137701, -0.00061035
   24137702, -0.00061035
   24137703, -0.00030518
   24137704, -0.00061035
   24137705, -0.00061035
   24137706,  0.00000000
   24137707,  0.00000000
   24137708, -0.00030518
   24137709,  0.00000000
   24137710,  0.00000000
   24137711,  0.00030518
   24137712,  0.00030518
   24137713,  0.00030518
   24137714,  0.00061035
   24137715,  0.00030518
   24137716, -0.00030518
   24137717,  0.00000000
   24137718,  0.00000000
   24137719,  0.00030518
   24137720,  0.00000000
   24137721, -0.00030518
   24137722, -0.00091553
   24137723, -0.00030518
   24137724, -0.00030518
   24137725, -0.00061035
   24137726, -0.00061035
   24137727,  0.00030518
   24137728,  0.00030518
   24137729,  0.00061035
   24137730, -0.00091553
   24137731, -0.00030518
   24137732,  0.00000000
   24137733, -0.00030518
   24137734, -0.00030518
   24137735,  0.00000000
   24137736,  0.00000000
   24137737, -0.00152588
   24137738, -0.00030518
   24137739, -0.00061035
   24137740,  0.00000000
   24137741,  0.00000000
   24137742, -0.00030518
   24137743, -0.00030518
   24137744,  0.00000000
   24137745,  0.00000000
   24137746, -0.00030518
   24137747,  0.00030518
   24137748, -0.00030518
   24137749, -0.00091553
   24137750,  0.00000000
   24137751,  0.00000000
   24137752,  0.00061035
   24137753,  0.00030518
   24137754,  0.00000000
   24137755,  0.00000000
   24137756,  0.00030518
   24137757, -0.00061035
   24137758, -0.00061035
   24137759,  0.00000000
   24137760, -0.00122070
   24137761, -0.00061035
   24137762, -0.00061035
   24137763, -0.00061035
   24137764, -0.00061035
   24137765, -0.00091553
   24137766, -0.00030518
   24137767, -0.00091553
   24137768, -0.00061035
   24137769,  0.00000000
   24137770, -0.00030518
   24137771, -0.00061035
   24137772, -0.00061035
   24137773,  0.00000000
   24137774,  0.00000000
   24137775,  0.00000000
   24137776,  0.00061035
   24137777,  0.00030518
   24137778,  0.00061035
   24137779,  0.00061035
   24137780,  0.00000000
   24137781, -0.00030518
   24137782,  0.00000000
   24137783, -0.00061035
   24137784, -0.00030518
   24137785,  0.00030518
   24137786,  0.00000000
   24137787,  0.00000000
   24137788, -0.00030518
   24137789, -0.00061035
   24137790, -0.00091553
   24137791, -0.00061035
   24137792, -0.00061035
   24137793, -0.00061035
   24137794, -0.00030518
   24137795,  0.00000000
   24137796, -0.00030518
   24137797, -0.00030518
   24137798, -0.00061035
   24137799, -0.00030518
   24137800, -0.00091553
   24137801,  0.00000000
   24137802,  0.00030518
   24137803,  0.00000000
   24137804,  0.00000000
   24137805,  0.00000000
   24137806, -0.00030518
   24137807,  0.00000000
   24137808,  0.00000000
   24137809,  0.00000000
   24137810,  0.00000000
   24137811,  0.00030518
   24137812, -0.00030518
   24137813, -0.00091553
   24137814, -0.00061035
   24137815,  0.00000000
   24137816, -0.00030518
   24137817,  0.00030518
   24137818,  0.00000000
   24137819,  0.00000000
   24137820,  0.00030518
   24137821,  0.00000000
   24137822, -0.00061035
   24137823, -0.00030518
   24137824,  0.00030518
   24137825, -0.00061035
   24137826,  0.00000000
   24137827, -0.00030518
   24137828,  0.00030518
   24137829, -0.00061035
   24137830, -0.00030518
   24137831, -0.00030518
   24137832,  0.00061035
   24137833,  0.00000000
   24137834, -0.00061035
   24137835, -0.00030518
   24137836, -0.00061035
   24137837, -0.00030518
   24137838,  0.00000000
   24137839,  0.00000000
   24137840,  0.00030518
   24137841, -0.00030518
   24137842,  0.00030518
   24137843, -0.00030518
   24137844,  0.00000000
   24137845, -0.00030518
   24137846, -0.00030518
   24137847, -0.00091553
   24137848, -0.00122070
   24137849, -0.00061035
   24137850,  0.00000000
   24137851,  0.00061035
   24137852,  0.00000000
   24137853,  0.00061035
   24137854, -0.00030518
   24137855, -0.00122070
   24137856,  0.00030518
   24137857, -0.00152588
   24137858,  0.00000000
   24137859, -0.00061035
   24137860,  0.00030518
   24137861,  0.00030518
   24137862, -0.00030518
   24137863, -0.00061035
   24137864,  0.00000000
   24137865,  0.00000000
   24137866, -0.00030518
   24137867,  0.00030518
   24137868, -0.00030518
   24137869,  0.00030518
   24137870,  0.00000000
   24137871,  0.00000000
   24137872, -0.00091553
   24137873, -0.00030518
   24137874, -0.00030518
   24137875, -0.00030518
   24137876, -0.00030518
   24137877, -0.00030518
   24137878, -0.00030518
   24137879, -0.00061035
   24137880, -0.00030518
   24137881, -0.00152588
   24137882, -0.00061035
   24137883, -0.00030518
   24137884,  0.00000000
   24137885, -0.00030518
   24137886,  0.00030518
   24137887,  0.00030518
   24137888, -0.00030518
   24137889,  0.00000000
   24137890, -0.00030518
   24137891, -0.00061035
   24137892, -0.00061035
   24137893, -0.00030518
   24137894, -0.00061035
   24137895,  0.00000000
   24137896, -0.00061035
   24137897,  0.00000000
   24137898,  0.00000000
   24137899, -0.00030518
   24137900,  0.00030518
   24137901, -0.00061035
   24137902,  0.00030518
   24137903, -0.00030518
   24137904,  0.00000000
   24137905,  0.00000000
   24137906,  0.00030518
   24137907,  0.00000000
   24137908,  0.00091553
   24137909, -0.00061035
   24137910,  0.00000000
   24137911,  0.00030518
   24137912,  0.00000000
   24137913, -0.00061035
   24137914,  0.00000000
   24137915, -0.00030518
   24137916, -0.00061035
   24137917,  0.00030518
   24137918, -0.00030518
   24137919,  0.00061035
   24137920,  0.00000000
   24137921,  0.00000000
   24137922,  0.00000000
   24137923, -0.00030518
   24137924, -0.00030518
   24137925, -0.00061035
   24137926,  0.00000000
   24137927, -0.00030518
   24137928, -0.00091553
   24137929, -0.00061035
   24137930, -0.00061035
   24137931, -0.00061035
   24137932, -0.00030518
   24137933, -0.00061035
   24137934, -0.00091553
   24137935, -0.00061035
   24137936,  0.00000000
   24137937,  0.00000000
   24137938,  0.00030518
   24137939,  0.00091553
   24137940,  0.00061035
   24137941,  0.00030518
   24137942,  0.00000000
   24137943, -0.00030518
   24137944, -0.00030518
   24137945, -0.00061035
   24137946, -0.00030518
   24137947,  0.00000000
   24137948, -0.00030518
   24137949, -0.00122070
   24137950,  0.00030518
   24137951,  0.00091553
   24137952, -0.00030518
   24137953, -0.00030518
   24137954, -0.00030518
   24137955,  0.00000000
   24137956, -0.00091553
   24137957, -0.00122070
   24137958,  0.00030518
   24137959,  0.00030518
   24137960,  0.00000000
   24137961,  0.00030518
   24137962, -0.00030518
   24137963, -0.00030518
   24137964, -0.00030518
   24137965,  0.00000000
   24137966,  0.00030518
   24137967, -0.00061035
   24137968,  0.00000000
   24137969,  0.00030518
   24137970,  0.00000000
   24137971,  0.00000000
   24137972,  0.00000000
   24137973, -0.00030518
   24137974,  0.00000000
   24137975,  0.00000000
   24137976,  0.00061035
   24137977,  0.00000000
   24137978,  0.00000000
   24137979,  0.00000000
   24137980, -0.00061035
   24137981, -0.00030518
   24137982, -0.00091553
   24137983, -0.00030518
   24137984, -0.00091553
   24137985, -0.00183105
   24137986, -0.00061035
   24137987, -0.00061035
   24137988,  0.00000000
   24137989, -0.00030518
   24137990, -0.00061035
   24137991, -0.00030518
   24137992, -0.00030518
   24137993, -0.00030518
   24137994, -0.00122070
   24137995,  0.00030518
   24137996, -0.00030518
   24137997, -0.00061035
   24137998, -0.00030518
   24137999,  0.00000000
   24138000, -0.00061035
   24138001,  0.00030518
   24138002, -0.00091553
   24138003, -0.00091553
   24138004, -0.00091553
   24138005,  0.00000000
   24138006,  0.00030518
   24138007, -0.00061035
   24138008,  0.00000000
   24138009, -0.00061035
   24138010,  0.00000000
   24138011, -0.00030518
   24138012,  0.00030518
   24138013, -0.00030518
   24138014, -0.00061035
   24138015,  0.00000000
   24138016, -0.00030518
   24138017,  0.00000000
   24138018,  0.00000000
   24138019,  0.00030518
   24138020, -0.00061035
   24138021, -0.00030518
   24138022, -0.00030518
   24138023, -0.00030518
   24138024, -0.00030518
   24138025, -0.00061035
   24138026, -0.00183105
   24138027, -0.00061035
   24138028, -0.00122070
   24138029, -0.00030518
   24138030, -0.00030518
   24138031, -0.00122070
   24138032, -0.00030518
   24138033, -0.00061035
   24138034, -0.00091553
   24138035, -0.00030518
   24138036, -0.00091553
   24138037, -0.00061035
   24138038,  0.00000000
   24138039,  0.00061035
   24138040, -0.00061035
   24138041, -0.00061035
   24138042, -0.00030518
   24138043, -0.00152588
   24138044,  0.00030518
   24138045,  0.00000000
   24138046,  0.00030518
   24138047,  0.00030518
   24138048, -0.00030518
   24138049,  0.00000000
   24138050,  0.00030518
   24138051,  0.00000000
   24138052, -0.00030518
   24138053, -0.00030518
   24138054,  0.00000000
   24138055,  0.00030518
   24138056,  0.00000000
   24138057, -0.00061035
   24138058,  0.00000000
   24138059, -0.00061035
   24138060, -0.00061035
   24138061, -0.00030518
   24138062, -0.00091553
   24138063, -0.00152588
   24138064, -0.00061035
   24138065, -0.00091553
   24138066,  0.00000000
   24138067, -0.00091553
   24138068, -0.00061035
   24138069,  0.00061035
   24138070, -0.00030518
   24138071,  0.00000000
   24138072, -0.00091553
   24138073, -0.00061035
   24138074,  0.00000000
   24138075, -0.00030518
   24138076,  0.00000000
   24138077,  0.00000000
   24138078, -0.00091553
   24138079,  0.00030518
   24138080,  0.00000000
   24138081, -0.00091553
   24138082,  0.00000000
   24138083,  0.00061035
   24138084,  0.00000000
   24138085, -0.00061035
   24138086,  0.00000000
   24138087, -0.00030518
   24138088,  0.00030518
   24138089,  0.00000000
   24138090,  0.00000000
   24138091,  0.00000000
   24138092, -0.00030518
   24138093,  0.00000000
   24138094,  0.00000000
   24138095, -0.00122070
   24138096, -0.00061035
   24138097, -0.00030518
   24138098,  0.00000000
   24138099,  0.00000000
   24138100,  0.00061035
   24138101,  0.00030518
   24138102, -0.00061035
   24138103,  0.00000000
   24138104,  0.00000000
   24138105, -0.00030518
   24138106, -0.00061035
   24138107, -0.00061035
   24138108, -0.00183105
   24138109,  0.00000000
   24138110, -0.00030518
   24138111, -0.00030518
   24138112, -0.00030518
   24138113, -0.00061035
   24138114, -0.00030518
   24138115,  0.00000000
   24138116,  0.00000000
   24138117,  0.00000000
   24138118,  0.00030518
   24138119,  0.00000000
   24138120,  0.00061035
   24138121,  0.00030518
   24138122,  0.00030518
   24138123,  0.00061035
   24138124,  0.00030518
   24138125, -0.00061035
   24138126, -0.00091553
   24138127, -0.00030518
   24138128,  0.00000000
   24138129,  0.00000000
   24138130,  0.00000000
   24138131,  0.00000000
   24138132, -0.00030518
   24138133, -0.00030518
   24138134, -0.00030518
   24138135,  0.00030518
   24138136, -0.00061035
   24138137,  0.00000000
   24138138,  0.00000000
   24138139,  0.00030518
   24138140,  0.00030518
   24138141, -0.00030518
   24138142,  0.00000000
   24138143, -0.00122070
   24138144,  0.00000000
   24138145,  0.00000000
   24138146,  0.00000000
   24138147,  0.00000000
   24138148,  0.00000000
   24138149, -0.00091553
   24138150,  0.00030518
   24138151,  0.00061035
   24138152,  0.00000000
   24138153,  0.00000000
   24138154,  0.00000000
   24138155, -0.00061035
   24138156,  0.00000000
   24138157, -0.00030518
   24138158,  0.00030518
   24138159, -0.00030518
   24138160, -0.00030518
   24138161, -0.00091553
   24138162,  0.00000000
   24138163,  0.00000000
   24138164,  0.00000000
   24138165,  0.00000000
   24138166, -0.00030518
   24138167,  0.00030518
   24138168,  0.00091553
   24138169,  0.00000000
   24138170,  0.00000000
   24138171, -0.00030518
   24138172, -0.00091553
   24138173, -0.00030518
   24138174, -0.00061035
   24138175, -0.00061035
   24138176, -0.00061035
   24138177,  0.00000000
   24138178,  0.00030518
   24138179,  0.00030518
   24138180,  0.00000000
   24138181,  0.00030518
   24138182,  0.00061035
   24138183, -0.00030518
   24138184,  0.00000000
   24138185,  0.00000000
   24138186,  0.00030518
   24138187, -0.00030518
   24138188,  0.00000000
   24138189,  0.00030518
   24138190, -0.00030518
   24138191, -0.00122070
   24138192,  0.00000000
   24138193,  0.00000000
   24138194,  0.00000000
   24138195,  0.00000000
   24138196,  0.00000000
   24138197, -0.00061035
   24138198, -0.00030518
   24138199,  0.00000000
   24138200,  0.00000000
   24138201,  0.00000000
   24138202, -0.00061035
   24138203, -0.00061035
   24138204, -0.00091553
   24138205, -0.00030518
   24138206,  0.00000000
   24138207, -0.00061035
   24138208, -0.00030518
   24138209, -0.00030518
   24138210,  0.00061035
   24138211,  0.00000000
   24138212,  0.00000000
   24138213, -0.00030518
   24138214, -0.00030518
   24138215, -0.00030518
   24138216,  0.00030518
   24138217, -0.00122070
   24138218,  0.00000000
   24138219,  0.00061035
   24138220,  0.00030518
   24138221,  0.00030518
   24138222,  0.00000000
   24138223,  0.00030518
   24138224, -0.00030518
   24138225, -0.00091553
   24138226, -0.00061035
   24138227, -0.00030518
   24138228, -0.00061035
   24138229, -0.00061035
   24138230, -0.00030518
   24138231,  0.00030518
   24138232, -0.00091553
   24138233,  0.00000000
   24138234, -0.00030518
   24138235, -0.00091553
   24138236, -0.00061035
   24138237, -0.00030518
   24138238,  0.00030518
   24138239,  0.00030518
   24138240,  0.00000000
   24138241,  0.00030518
   24138242,  0.00000000
   24138243, -0.00061035
   24138244, -0.00091553
   24138245, -0.00061035
   24138246, -0.00061035
   24138247,  0.00000000
   24138248, -0.00030518
   24138249,  0.00030518
   24138250, -0.00061035
   24138251,  0.00000000
   24138252, -0.00030518
   24138253, -0.00030518
   24138254,  0.00000000
   24138255,  0.00000000
   24138256, -0.00030518
   24138257,  0.00000000
   24138258, -0.00030518
   24138259,  0.00030518
   24138260,  0.00000000
   24138261,  0.00000000
   24138262, -0.00030518
   24138263,  0.00030518
   24138264,  0.00000000
   24138265, -0.00030518
   24138266, -0.00061035
   24138267,  0.00000000
   24138268,  0.00030518
   24138269,  0.00030518
   24138270, -0.00091553
   24138271, -0.00061035
   24138272,  0.00000000
   24138273,  0.00000000
   24138274, -0.00061035
   24138275, -0.00091553
   24138276,  0.00030518
   24138277, -0.00030518
   24138278,  0.00000000
   24138279,  0.00000000
   24138280, -0.00030518
   24138281,  0.00030518
   24138282,  0.00000000
   24138283,  0.00030518
   24138284,  0.00000000
   24138285, -0.00030518
   24138286,  0.00000000
   24138287, -0.00030518
   24138288,  0.00030518
   24138289,  0.00000000
   24138290,  0.00000000
   24138291, -0.00091553
   24138292,  0.00000000
   24138293, -0.00091553
   24138294, -0.00122070
   24138295, -0.00091553
   24138296, -0.00091553
   24138297, -0.00030518
   24138298, -0.00030518
   24138299, -0.00030518
   24138300, -0.00122070
   24138301, -0.00030518
   24138302,  0.00000000
   24138303,  0.00000000
   24138304,  0.00000000
   24138305, -0.00030518
   24138306, -0.00091553
   24138307,  0.00000000
   24138308, -0.00030518
   24138309, -0.00091553
   24138310,  0.00000000
   24138311,  0.00000000
   24138312,  0.00061035
   24138313,  0.00000000
   24138314,  0.00000000
   24138315,  0.00000000
   24138316,  0.00000000
   24138317, -0.00030518
   24138318,  0.00000000
   24138319, -0.00030518
   24138320, -0.00030518
   24138321, -0.00122070
   24138322, -0.00122070
   24138323, -0.00061035
   24138324,  0.00030518
   24138325,  0.00030518
   24138326, -0.00030518
   24138327, -0.00030518
   24138328,  0.00000000
   24138329,  0.00000000
   24138330,  0.00030518
   24138331, -0.00030518
   24138332,  0.00000000
   24138333, -0.00091553
   24138334, -0.00030518
   24138335, -0.00061035
   24138336, -0.00030518
   24138337,  0.00000000
   24138338, -0.00030518
   24138339,  0.00030518
   24138340,  0.00000000
   24138341,  0.00030518
   24138342, -0.00091553
   24138343, -0.00030518
   24138344, -0.00061035
   24138345, -0.00091553
   24138346, -0.00061035
   24138347,  0.00000000
   24138348, -0.00030518
   24138349, -0.00030518
   24138350, -0.00030518
   24138351, -0.00061035
   24138352, -0.00030518
   24138353, -0.00061035
   24138354, -0.00030518
   24138355,  0.00000000
   24138356, -0.00030518
   24138357,  0.00030518
   24138358, -0.00030518
   24138359,  0.00061035
   24138360,  0.00030518
   24138361,  0.00030518
   24138362,  0.00061035
   24138363,  0.00000000
   24138364,  0.00030518
   24138365,  0.00030518
   24138366,  0.00030518
   24138367, -0.00122070
   24138368, -0.00030518
   24138369, -0.00030518
   24138370,  0.00000000
   24138371, -0.00030518
   24138372, -0.00030518
   24138373,  0.00000000
   24138374,  0.00000000
   24138375, -0.00061035
   24138376, -0.00061035
   24138377, -0.00091553
   24138378, -0.00030518
   24138379,  0.00030518
   24138380,  0.00030518
   24138381,  0.00030518
   24138382, -0.00030518
   24138383, -0.00030518
   24138384,  0.00000000
   24138385, -0.00030518
   24138386, -0.00061035
   24138387, -0.00030518
   24138388, -0.00061035
   24138389, -0.00061035
   24138390, -0.00061035
   24138391, -0.00030518
   24138392, -0.00091553
   24138393,  0.00030518
   24138394, -0.00030518
   24138395,  0.00030518
   24138396,  0.00061035
   24138397,  0.00061035
   24138398,  0.00030518
   24138399, -0.00030518
   24138400,  0.00000000
   24138401, -0.00061035
   24138402,  0.00030518
   24138403,  0.00000000
   24138404, -0.00030518
   24138405, -0.00030518
   24138406, -0.00183105
   24138407, -0.00091553
   24138408, -0.00030518
   24138409, -0.00030518
   24138410,  0.00000000
   24138411,  0.00000000
   24138412,  0.00030518
   24138413,  0.00000000
   24138414,  0.00000000
   24138415,  0.00030518
   24138416,  0.00000000
   24138417,  0.00030518
   24138418,  0.00030518
   24138419,  0.00000000
   24138420, -0.00030518
   24138421, -0.00030518
   24138422, -0.00030518
   24138423,  0.00030518
   24138424,  0.00030518
   24138425,  0.00000000
   24138426,  0.00000000
   24138427,  0.00000000
   24138428,  0.00000000
   24138429,  0.00000000
   24138430, -0.00030518
   24138431,  0.00030518
   24138432, -0.00061035
   24138433, -0.00030518
   24138434, -0.00152588
   24138435, -0.00030518
   24138436,  0.00000000
   24138437,  0.00030518
   24138438, -0.00030518
   24138439, -0.00030518
   24138440, -0.00030518
   24138441, -0.00061035
   24138442,  0.00000000
   24138443, -0.00061035
   24138444, -0.00030518
   24138445,  0.00030518
   24138446, -0.00030518
   24138447,  0.00030518
   24138448,  0.00000000
   24138449, -0.00030518
   24138450, -0.00030518
   24138451, -0.00061035
   24138452, -0.00061035
   24138453, -0.00213623
   24138454,  0.00000000
   24138455,  0.00000000
   24138456,  0.00000000
   24138457,  0.00000000
   24138458,  0.00000000
   24138459,  0.00061035
   24138460, -0.00030518
   24138461, -0.00091553
   24138462,  0.00061035
   24138463,  0.00030518
   24138464,  0.00030518
   24138465,  0.00000000
   24138466,  0.00061035
   24138467,  0.00061035
   24138468,  0.00061035
   24138469, -0.00030518
   24138470,  0.00000000
   24138471,  0.00000000
   24138472, -0.00030518
   24138473, -0.00030518
   24138474,  0.00000000
   24138475, -0.00091553
   24138476, -0.00030518
   24138477,  0.00000000
   24138478,  0.00000000
   24138479, -0.00030518
   24138480,  0.00000000
   24138481,  0.00000000
   24138482, -0.00030518
   24138483,  0.00000000
   24138484,  0.00000000
   24138485, -0.00030518
   24138486, -0.00030518
   24138487, -0.00030518
   24138488, -0.00030518
   24138489, -0.00091553
   24138490,  0.00000000
   24138491, -0.00030518
   24138492,  0.00000000
   24138493, -0.00091553
   24138494, -0.00091553
   24138495,  0.00000000
   24138496, -0.00061035
   24138497, -0.00030518
   24138498,  0.00000000
   24138499,  0.00000000
   24138500,  0.00000000
   24138501, -0.00030518
   24138502, -0.00030518
   24138503, -0.00061035
   24138504, -0.00030518
   24138505, -0.00152588
   24138506, -0.00030518
   24138507,  0.00061035
   24138508,  0.00000000
   24138509,  0.00030518
   24138510,  0.00000000
   24138511, -0.00030518
   24138512, -0.00030518
   24138513, -0.00061035
   24138514, -0.00061035
   24138515,  0.00030518
   24138516, -0.00030518
   24138517,  0.00061035
   24138518,  0.00000000
   24138519,  0.00000000
   24138520, -0.00061035
   24138521,  0.00030518
   24138522, -0.00030518
   24138523, -0.00030518
   24138524, -0.00091553
   24138525,  0.00061035
   24138526,  0.00030518
   24138527,  0.00000000
   24138528,  0.00030518
   24138529,  0.00000000
   24138530,  0.00030518
   24138531,  0.00030518
   24138532, -0.00030518
   24138533,  0.00061035
   24138534,  0.00030518
   24138535,  0.00000000
   24138536,  0.00030518
   24138537, -0.00061035
   24138538, -0.00030518
   24138539,  0.00000000
   24138540,  0.00000000
   24138541, -0.00122070
   24138542, -0.00061035
   24138543, -0.00061035
   24138544, -0.00030518
   24138545,  0.00000000
   24138546,  0.00030518
   24138547,  0.00030518
   24138548,  0.00000000
   24138549,  0.00000000
   24138550, -0.00061035
   24138551, -0.00030518
   24138552, -0.00030518
   24138553, -0.00030518
   24138554, -0.00061035
   24138555, -0.00061035
   24138556,  0.00030518
   24138557,  0.00030518
   24138558,  0.00061035
   24138559,  0.00000000
   24138560, -0.00061035
   24138561,  0.00030518
   24138562,  0.00000000
   24138563, -0.00030518
   24138564, -0.00061035
   24138565,  0.00000000
   24138566, -0.00061035
   24138567,  0.00000000
   24138568, -0.00061035
   24138569, -0.00030518
   24138570,  0.00000000
   24138571, -0.00061035
   24138572, -0.00030518
   24138573,  0.00000000
   24138574, -0.00061035
   24138575,  0.00000000
   24138576, -0.00030518
   24138577,  0.00030518
   24138578,  0.00000000
   24138579, -0.00030518
   24138580, -0.00030518
   24138581, -0.00030518
   24138582, -0.00030518
   24138583,  0.00000000
   24138584, -0.00061035
   24138585,  0.00000000
   24138586, -0.00030518
   24138587,  0.00000000
   24138588,  0.00030518
   24138589, -0.00030518
   24138590,  0.00000000
   24138591,  0.00000000
   24138592, -0.00030518
   24138593, -0.00061035
   24138594, -0.00091553
   24138595, -0.00030518
   24138596, -0.00030518
   24138597,  0.00000000
   24138598, -0.00030518
   24138599,  0.00000000
   24138600,  0.00061035
   24138601,  0.00000000
   24138602,  0.00030518
   24138603,  0.00030518
   24138604,  0.00030518
   24138605, -0.00030518
   24138606, -0.00091553
   24138607, -0.00061035
   24138608, -0.00030518
   24138609,  0.00030518
   24138610,  0.00000000
   24138611, -0.00091553
   24138612, -0.00030518
   24138613, -0.00061035
   24138614, -0.00091553
   24138615, -0.00061035
   24138616, -0.00030518
   24138617, -0.00091553
   24138618,  0.00030518
   24138619,  0.00030518
   24138620,  0.00000000
   24138621,  0.00030518
   24138622,  0.00061035
   24138623,  0.00000000
   24138624,  0.00030518
   24138625, -0.00030518
   24138626,  0.00000000
   24138627,  0.00030518
   24138628,  0.00030518
   24138629, -0.00030518
   24138630,  0.00030518
   24138631,  0.00030518
   24138632, -0.00030518
   24138633,  0.00030518
   24138634,  0.00000000
   24138635,  0.00000000
   24138636, -0.00061035
   24138637,  0.00030518
   24138638,  0.00000000
   24138639, -0.00061035
   24138640,  0.00000000
   24138641,  0.00061035
   24138642,  0.00030518
   24138643, -0.00030518
   24138644, -0.00061035
   24138645, -0.00091553
   24138646, -0.00030518
   24138647,  0.00000000
   24138648, -0.00030518
   24138649, -0.00030518
   24138650,  0.00000000
   24138651,  0.00000000
   24138652, -0.00061035
   24138653,  0.00000000
   24138654, -0.00030518
   24138655, -0.00061035
   24138656,  0.00000000
   24138657, -0.00030518
   24138658,  0.00000000
   24138659,  0.00030518
   24138660,  0.00030518
   24138661, -0.00030518
   24138662,  0.00000000
   24138663,  0.00000000
   24138664, -0.00030518
   24138665, -0.00061035
   24138666, -0.00030518
   24138667,  0.00030518
   24138668,  0.00030518
   24138669,  0.00000000
   24138670, -0.00030518
   24138671, -0.00061035
   24138672, -0.00030518
   24138673, -0.00030518
   24138674, -0.00061035
   24138675, -0.00061035
   24138676, -0.00030518
   24138677, -0.00030518
   24138678,  0.00000000
   24138679,  0.00000000
   24138680,  0.00061035
   24138681,  0.00000000
   24138682,  0.00000000
   24138683,  0.00091553
   24138684, -0.00030518
   24138685, -0.00030518
   24138686, -0.00030518
   24138687,  0.00000000
   24138688,  0.00000000
   24138689,  0.00000000
   24138690, -0.00030518
   24138691,  0.00030518
   24138692,  0.00030518
   24138693,  0.00061035
   24138694, -0.00030518
   24138695,  0.00000000
   24138696, -0.00030518
   24138697, -0.00061035
   24138698,  0.00030518
   24138699,  0.00000000
   24138700, -0.00030518
   24138701,  0.00000000
   24138702,  0.00061035
   24138703,  0.00000000
   24138704, -0.00061035
   24138705, -0.00030518
   24138706, -0.00030518
   24138707, -0.00061035
   24138708, -0.00030518
   24138709, -0.00030518
   24138710, -0.00030518
   24138711,  0.00000000
   24138712,  0.00000000
   24138713, -0.00030518
   24138714, -0.00091553
   24138715, -0.00061035
   24138716, -0.00030518
   24138717, -0.00091553
   24138718,  0.00000000
   24138719,  0.00000000
   24138720,  0.00000000
   24138721, -0.00030518
   24138722,  0.00000000
   24138723,  0.00000000
   24138724,  0.00000000
   24138725,  0.00030518
   24138726, -0.00030518
   24138727,  0.00030518
   24138728,  0.00000000
   24138729,  0.00000000
   24138730, -0.00030518
   24138731,  0.00030518
   24138732, -0.00061035
   24138733,  0.00030518
   24138734, -0.00030518
   24138735,  0.00000000
   24138736,  0.00030518
   24138737, -0.00030518
   24138738, -0.00061035
   24138739, -0.00030518
   24138740,  0.00000000
   24138741, -0.00030518
   24138742, -0.00030518
   24138743, -0.00030518
   24138744,  0.00000000
   24138745, -0.00091553
   24138746,  0.00000000
   24138747, -0.00061035
   24138748,  0.00000000
   24138749,  0.00030518
   24138750,  0.00030518
   24138751,  0.00000000
   24138752,  0.00000000
   24138753, -0.00152588
   24138754, -0.00030518
   24138755, -0.00061035
   24138756, -0.00122070
   24138757, -0.00061035
   24138758, -0.00030518
   24138759, -0.00061035
   24138760,  0.00000000
   24138761, -0.00030518
   24138762, -0.00030518
   24138763, -0.00030518
   24138764, -0.00030518
   24138765,  0.00000000
   24138766, -0.00091553
   24138767,  0.00061035
   24138768,  0.00000000
   24138769, -0.00061035
   24138770,  0.00000000
   24138771,  0.00000000
   24138772, -0.00030518
   24138773, -0.00061035
   24138774,  0.00000000
   24138775, -0.00030518
   24138776,  0.00000000
   24138777,  0.00000000
   24138778, -0.00030518
   24138779,  0.00000000
   24138780,  0.00061035
   24138781,  0.00061035
   24138782,  0.00000000
   24138783,  0.00000000
   24138784, -0.00030518
   24138785, -0.00030518
   24138786,  0.00030518
   24138787,  0.00000000
   24138788, -0.00030518
   24138789, -0.00030518
   24138790,  0.00000000
   24138791, -0.00030518
   24138792, -0.00030518
   24138793, -0.00061035
   24138794,  0.00000000
   24138795,  0.00061035
   24138796,  0.00000000
   24138797,  0.00030518
   24138798,  0.00000000
   24138799,  0.00000000
   24138800, -0.00061035
   24138801, -0.00061035
   24138802, -0.00061035
   24138803, -0.00152588
   24138804, -0.00030518
   24138805, -0.00061035
   24138806, -0.00061035
   24138807, -0.00030518
   24138808, -0.00061035
   24138809,  0.00000000
   24138810, -0.00030518
   24138811,  0.00000000
   24138812, -0.00061035
   24138813, -0.00061035
   24138814,  0.00000000
   24138815, -0.00030518
   24138816, -0.00030518
   24138817, -0.00061035
   24138818, -0.00122070
   24138819,  0.00000000
   24138820,  0.00030518
   24138821, -0.00061035
   24138822,  0.00030518
   24138823, -0.00030518
   24138824,  0.00030518
   24138825,  0.00061035
   24138826,  0.00000000
   24138827,  0.00030518
   24138828,  0.00061035
   24138829,  0.00061035
   24138830,  0.00000000
   24138831,  0.00000000
   24138832, -0.00091553
   24138833, -0.00091553
   24138834, -0.00030518
   24138835, -0.00061035
   24138836, -0.00030518
   24138837, -0.00030518
   24138838, -0.00061035
   24138839, -0.00091553
   24138840, -0.00030518
   24138841, -0.00030518
   24138842,  0.00000000
   24138843, -0.00030518
   24138844,  0.00061035
   24138845,  0.00000000
   24138846,  0.00061035
   24138847,  0.00030518
   24138848,  0.00030518
   24138849, -0.00030518
   24138850, -0.00122070
   24138851, -0.00061035
   24138852, -0.00061035
   24138853, -0.00030518
   24138854,  0.00000000
   24138855, -0.00122070
   24138856,  0.00000000
   24138857, -0.00030518
   24138858,  0.00030518
   24138859,  0.00000000
   24138860, -0.00030518
   24138861,  0.00000000
   24138862, -0.00030518
   24138863, -0.00030518
   24138864,  0.00000000
   24138865, -0.00030518
   24138866, -0.00030518
   24138867, -0.00030518
   24138868, -0.00030518
   24138869, -0.00061035
   24138870,  0.00000000
   24138871, -0.00030518
   24138872, -0.00061035
   24138873,  0.00030518
   24138874, -0.00091553
   24138875, -0.00030518
   24138876, -0.00091553
   24138877,  0.00000000
   24138878,  0.00030518
   24138879,  0.00091553
   24138880,  0.00061035
   24138881,  0.00000000
   24138882, -0.00061035
   24138883,  0.00061035
   24138884, -0.00030518
   24138885,  0.00030518
   24138886, -0.00061035
   24138887, -0.00091553
   24138888, -0.00030518
   24138889, -0.00030518
   24138890, -0.00030518
   24138891,  0.00000000
   24138892, -0.00030518
   24138893, -0.00061035
   24138894,  0.00000000
   24138895, -0.00030518
   24138896, -0.00061035
   24138897, -0.00030518
   24138898,  0.00000000
   24138899, -0.00030518
   24138900,  0.00000000
   24138901,  0.00030518
   24138902,  0.00000000
   24138903, -0.00030518
   24138904, -0.00091553
   24138905, -0.00030518
   24138906, -0.00183105
   24138907, -0.00030518
   24138908, -0.00030518
   24138909,  0.00000000
   24138910,  0.00030518
   24138911,  0.00000000
   24138912, -0.00091553
   24138913,  0.00000000
   24138914, -0.00030518
   24138915, -0.00030518
   24138916, -0.00122070
   24138917,  0.00000000
   24138918, -0.00061035
   24138919,  0.00030518
   24138920, -0.00030518
   24138921, -0.00030518
   24138922,  0.00030518
   24138923,  0.00000000
   24138924, -0.00091553
   24138925,  0.00030518
   24138926, -0.00122070
   24138927,  0.00030518
   24138928, -0.00030518
   24138929,  0.00000000
   24138930, -0.00030518
   24138931,  0.00000000
   24138932, -0.00030518
   24138933, -0.00061035
   24138934,  0.00030518
   24138935, -0.00091553
   24138936,  0.00000000
   24138937,  0.00000000
   24138938,  0.00061035
   24138939, -0.00030518
   24138940, -0.00030518
   24138941,  0.00000000
   24138942,  0.00000000
   24138943, -0.00061035
   24138944,  0.00030518
   24138945, -0.00061035
   24138946,  0.00000000
   24138947,  0.00030518
   24138948, -0.00122070
   24138949, -0.00061035
   24138950, -0.00061035
   24138951, -0.00091553
   24138952, -0.00091553
   24138953, -0.00061035
   24138954, -0.00030518
   24138955, -0.00030518
   24138956,  0.00030518
   24138957,  0.00000000
   24138958, -0.00122070
   24138959, -0.00091553
   24138960,  0.00000000
   24138961,  0.00030518
   24138962, -0.00030518
   24138963,  0.00000000
   24138964, -0.00183105
   24138965, -0.00061035
   24138966,  0.00000000
   24138967, -0.00030518
   24138968, -0.00091553
   24138969, -0.00030518
   24138970,  0.00030518
   24138971,  0.00000000
   24138972, -0.00030518
   24138973, -0.00030518
   24138974, -0.00030518
   24138975, -0.00122070
   24138976, -0.00091553
   24138977,  0.00030518
   24138978,  0.00030518
   24138979,  0.00000000
   24138980,  0.00000000
   24138981,  0.00000000
   24138982, -0.00061035
   24138983, -0.00091553
   24138984,  0.00000000
   24138985, -0.00061035
   24138986,  0.00000000
   24138987,  0.00000000
   24138988,  0.00030518
   24138989,  0.00030518
   24138990,  0.00030518
   24138991,  0.00000000
   24138992,  0.00030518
   24138993,  0.00000000
   24138994, -0.00061035
   24138995, -0.00061035
   24138996,  0.00000000
   24138997, -0.00091553
   24138998,  0.00030518
   24138999,  0.00000000
   24139000, -0.00061035
   24139001, -0.00091553
   24139002, -0.00030518
   24139003, -0.00030518
   24139004, -0.00030518
   24139005, -0.00030518
   24139006, -0.00030518
   24139007,  0.00000000
   24139008,  0.00122070
   24139009,  0.00030518
   24139010, -0.00030518
   24139011,  0.00000000
   24139012,  0.00000000
   24139013,  0.00000000
   24139014, -0.00061035
   24139015, -0.00030518
   24139016, -0.00061035
   24139017, -0.00030518
   24139018,  0.00000000
   24139019, -0.00030518
   24139020,  0.00030518
   24139021, -0.00030518
   24139022, -0.00030518
   24139023, -0.00091553
   24139024, -0.00030518
   24139025, -0.00030518
   24139026, -0.00091553
   24139027, -0.00061035
   24139028,  0.00000000
   24139029,  0.00000000
   24139030,  0.00000000
   24139031,  0.00000000
   24139032,  0.00030518
   24139033, -0.00030518
   24139034,  0.00000000
   24139035, -0.00061035
   24139036, -0.00030518
   24139037, -0.00091553
   24139038, -0.00030518
   24139039, -0.00030518
   24139040,  0.00000000
   24139041,  0.00000000
   24139042, -0.00030518
   24139043, -0.00030518
   24139044,  0.00000000
   24139045, -0.00152588
   24139046, -0.00061035
   24139047,  0.00000000
   24139048, -0.00030518
   24139049,  0.00000000
   24139050, -0.00061035
   24139051,  0.00000000
   24139052, -0.00030518
   24139053, -0.00030518
   24139054,  0.00030518
   24139055,  0.00000000
   24139056, -0.00030518
   24139057, -0.00030518
   24139058, -0.00030518
   24139059, -0.00030518
   24139060,  0.00091553
   24139061,  0.00000000
   24139062, -0.00030518
   24139063, -0.00061035
   24139064,  0.00000000
   24139065, -0.00061035
   24139066,  0.00000000
   24139067, -0.00030518
   24139068,  0.00000000
   24139069, -0.00061035
   24139070,  0.00000000
   24139071,  0.00030518
   24139072,  0.00030518
   24139073,  0.00000000
   24139074,  0.00061035
   24139075, -0.00061035
   24139076,  0.00000000
   24139077,  0.00000000
   24139078, -0.00030518
   24139079, -0.00061035
   24139080, -0.00091553
   24139081, -0.00091553
   24139082, -0.00061035
   24139083, -0.00152588
   24139084,  0.00030518
   24139085,  0.00000000
   24139086, -0.00152588
   24139087,  0.00030518
   24139088,  0.00061035
   24139089,  0.00000000
   24139090,  0.00000000
   24139091,  0.00030518
   24139092,  0.00030518
   24139093,  0.00000000
   24139094, -0.00030518
   24139095,  0.00000000
   24139096, -0.00061035
   24139097, -0.00061035
   24139098,  0.00000000
   24139099, -0.00061035
   24139100, -0.00091553
   24139101,  0.00000000
   24139102,  0.00000000
   24139103, -0.00061035
   24139104, -0.00091553
   24139105,  0.00000000
   24139106, -0.00061035
   24139107,  0.00000000
   24139108,  0.00000000
   24139109,  0.00061035
   24139110,  0.00030518
   24139111,  0.00000000
   24139112, -0.00061035
   24139113, -0.00061035
   24139114, -0.00030518
   24139115, -0.00030518
   24139116,  0.00030518
   24139117,  0.00000000
   24139118,  0.00000000
   24139119,  0.00030518
   24139120,  0.00000000
   24139121,  0.00000000
   24139122,  0.00030518
   24139123,  0.00000000
   24139124, -0.00030518
   24139125, -0.00061035
   24139126, -0.00030518
   24139127, -0.00030518
   24139128,  0.00030518
   24139129,  0.00030518
   24139130, -0.00030518
   24139131, -0.00030518
   24139132,  0.00000000
   24139133, -0.00061035
   24139134,  0.00030518
   24139135,  0.00000000
   24139136,  0.00000000
   24139137, -0.00030518
   24139138,  0.00091553
   24139139,  0.00000000
   24139140,  0.00000000
   24139141,  0.00000000
   24139142, -0.00061035
   24139143, -0.00061035
   24139144, -0.00030518
   24139145, -0.00061035
   24139146,  0.00000000
   24139147, -0.00030518
   24139148, -0.00091553
   24139149,  0.00000000
   24139150,  0.00000000
   24139151,  0.00000000
   24139152, -0.00030518
   24139153,  0.00030518
   24139154,  0.00030518
   24139155,  0.00000000
   24139156,  0.00000000
   24139157,  0.00030518
   24139158,  0.00000000
   24139159, -0.00030518
   24139160,  0.00030518
   24139161, -0.00061035
   24139162,  0.00000000
   24139163,  0.00061035
   24139164, -0.00061035
   24139165,  0.00000000
   24139166, -0.00030518
   24139167, -0.00061035
   24139168,  0.00000000
   24139169,  0.00000000
   24139170, -0.00030518
   24139171,  0.00000000
   24139172, -0.00030518
   24139173, -0.00061035
   24139174, -0.00030518
   24139175, -0.00091553
   24139176,  0.00030518
   24139177,  0.00030518
   24139178, -0.00091553
   24139179,  0.00000000
   24139180,  0.00000000
   24139181, -0.00030518
   24139182, -0.00030518
   24139183, -0.00061035
   24139184, -0.00030518
   24139185,  0.00000000
   24139186, -0.00030518
   24139187,  0.00000000
   24139188, -0.00030518
   24139189, -0.00030518
   24139190, -0.00091553
   24139191, -0.00091553
   24139192, -0.00030518
   24139193, -0.00061035
   24139194, -0.00061035
   24139195,  0.00000000
   24139196, -0.00061035
   24139197, -0.00030518
   24139198,  0.00000000
   24139199, -0.00061035
   24139200, -0.00030518
   24139201,  0.00000000
   24139202,  0.00000000
   24139203,  0.00061035
   24139204,  0.00000000
   24139205,  0.00000000
   24139206,  0.00030518
   24139207, -0.00030518
   24139208,  0.00000000
   24139209,  0.00030518
   24139210, -0.00091553
   24139211,  0.00030518
   24139212,  0.00030518
   24139213,  0.00000000
   24139214, -0.00091553
   24139215, -0.00091553
   24139216, -0.00030518
   24139217, -0.00091553
   24139218, -0.00030518
   24139219,  0.00000000
   24139220, -0.00030518
   24139221, -0.00030518
   24139222, -0.00091553
   24139223, -0.00091553
   24139224, -0.00061035
   24139225, -0.00122070
   24139226,  0.00000000
   24139227, -0.00122070
   24139228,  0.00061035
   24139229, -0.00030518
   24139230,  0.00030518
   24139231, -0.00030518
   24139232,  0.00000000
   24139233, -0.00091553
   24139234,  0.00000000
   24139235, -0.00061035
   24139236, -0.00030518
   24139237, -0.00061035
   24139238,  0.00000000
   24139239, -0.00091553
   24139240, -0.00061035
   24139241,  0.00000000
   24139242,  0.00000000
   24139243, -0.00061035
   24139244, -0.00030518
   24139245, -0.00030518
   24139246,  0.00000000
   24139247, -0.00030518
   24139248,  0.00000000
   24139249,  0.00000000
   24139250,  0.00000000
   24139251,  0.00000000
   24139252,  0.00000000
   24139253,  0.00030518
   24139254,  0.00000000
   24139255, -0.00030518
   24139256,  0.00000000
   24139257, -0.00030518
   24139258, -0.00061035
   24139259, -0.00030518
   24139260,  0.00030518
   24139261,  0.00000000
   24139262, -0.00030518
   24139263, -0.00061035
   24139264,  0.00000000
   24139265, -0.00061035
   24139266, -0.00152588
   24139267,  0.00030518
   24139268, -0.00061035
   24139269,  0.00000000
   24139270,  0.00000000
   24139271, -0.00091553
   24139272, -0.00152588
   24139273, -0.00030518
   24139274, -0.00030518
   24139275, -0.00061035
   24139276, -0.00030518
   24139277,  0.00030518
   24139278,  0.00000000
   24139279,  0.00061035
   24139280,  0.00030518
   24139281,  0.00061035
   24139282,  0.00030518
   24139283,  0.00030518
   24139284, -0.00061035
   24139285, -0.00061035
   24139286,  0.00000000
   24139287,  0.00061035
   24139288,  0.00000000
   24139289,  0.00000000
   24139290,  0.00000000
   24139291, -0.00061035
   24139292,  0.00000000
   24139293,  0.00000000
   24139294,  0.00000000
   24139295,  0.00000000
   24139296, -0.00030518
   24139297,  0.00030518
   24139298, -0.00061035
   24139299,  0.00000000
   24139300,  0.00000000
   24139301,  0.00030518
   24139302,  0.00030518
   24139303, -0.00030518
   24139304, -0.00122070
   24139305, -0.00030518
   24139306, -0.00030518
   24139307, -0.00183105
   24139308, -0.00061035
   24139309, -0.00030518
   24139310, -0.00030518
   24139311, -0.00030518
   24139312, -0.00030518
   24139313, -0.00122070
   24139314, -0.00061035
   24139315, -0.00030518
   24139316,  0.00030518
   24139317, -0.00061035
   24139318,  0.00000000
   24139319,  0.00091553
   24139320,  0.00000000
   24139321, -0.00030518
   24139322,  0.00000000
   24139323, -0.00061035
   24139324, -0.00122070
   24139325, -0.00061035
   24139326, -0.00061035
   24139327,  0.00030518
   24139328,  0.00061035
   24139329,  0.00000000
   24139330,  0.00030518
   24139331,  0.00000000
   24139332,  0.00030518
   24139333, -0.00030518
   24139334, -0.00061035
   24139335, -0.00061035
   24139336,  0.00000000
   24139337, -0.00030518
   24139338, -0.00030518
   24139339, -0.00030518
   24139340,  0.00030518
   24139341,  0.00000000
   24139342,  0.00030518
   24139343, -0.00030518
   24139344, -0.00061035
   24139345, -0.00030518
   24139346,  0.00000000
   24139347, -0.00030518
   24139348,  0.00030518
   24139349, -0.00030518
   24139350, -0.00091553
   24139351, -0.00030518
   24139352,  0.00000000
   24139353,  0.00000000
   24139354, -0.00061035
   24139355, -0.00091553
   24139356, -0.00061035
   24139357, -0.00091553
   24139358,  0.00000000
   24139359, -0.00030518
   24139360, -0.00030518
   24139361,  0.00000000
   24139362,  0.00000000
   24139363,  0.00000000
   24139364, -0.00061035
   24139365, -0.00091553
   24139366, -0.00030518
   24139367,  0.00000000
   24139368,  0.00000000
   24139369,  0.00000000
   24139370, -0.00030518
   24139371, -0.00152588
   24139372, -0.00091553
   24139373, -0.00061035
   24139374, -0.00061035
   24139375,  0.00000000
   24139376, -0.00091553
   24139377, -0.00091553
   24139378, -0.00061035
   24139379, -0.00061035
   24139380,  0.00030518
   24139381, -0.00061035
   24139382,  0.00000000
   24139383, -0.00152588
   24139384, -0.00030518
   24139385,  0.00000000
   24139386, -0.00091553
   24139387, -0.00030518
   24139388,  0.00061035
   24139389,  0.00030518
   24139390,  0.00000000
   24139391,  0.00030518
   24139392,  0.00000000
   24139393,  0.00030518
   24139394,  0.00000000
   24139395,  0.00000000
   24139396,  0.00000000
   24139397,  0.00000000
   24139398,  0.00030518
   24139399,  0.00000000
   24139400, -0.00061035
   24139401,  0.00030518
   24139402, -0.00061035
   24139403, -0.00061035
   24139404, -0.00091553
   24139405,  0.00000000
   24139406, -0.00030518
   24139407, -0.00030518
   24139408, -0.00030518
   24139409, -0.00091553
   24139410, -0.00030518
   24139411,  0.00030518
   24139412, -0.00030518
   24139413,  0.00000000
   24139414,  0.00000000
   24139415,  0.00000000
   24139416, -0.00061035
   24139417, -0.00030518
   24139418,  0.00000000
   24139419, -0.00030518
   24139420, -0.00061035
   24139421, -0.00030518
   24139422, -0.00030518
   24139423,  0.00000000
   24139424,  0.00000000
   24139425,  0.00000000
   24139426,  0.00000000
   24139427, -0.00030518
   24139428, -0.00030518
   24139429,  0.00000000
   24139430,  0.00030518
   24139431,  0.00000000
   24139432,  0.00030518
   24139433, -0.00030518
   24139434, -0.00030518
   24139435, -0.00030518
   24139436,  0.00030518
   24139437,  0.00030518
   24139438, -0.00030518
   24139439, -0.00030518
   24139440,  0.00061035
   24139441,  0.00030518
   24139442,  0.00030518
   24139443, -0.00030518
   24139444,  0.00000000
   24139445, -0.00030518
   24139446, -0.00030518
   24139447, -0.00061035
   24139448,  0.00000000
   24139449, -0.00030518
   24139450, -0.00091553
   24139451, -0.00030518
   24139452,  0.00061035
   24139453, -0.00030518
   24139454,  0.00000000
   24139455, -0.00091553
   24139456, -0.00030518
   24139457,  0.00000000
   24139458, -0.00030518
   24139459, -0.00061035
   24139460,  0.00030518
   24139461,  0.00000000
   24139462,  0.00000000
   24139463,  0.00030518
   24139464, -0.00030518
   24139465, -0.00030518
   24139466, -0.00030518
   24139467, -0.00061035
   24139468, -0.00030518
   24139469,  0.00030518
   24139470, -0.00030518
   24139471, -0.00091553
   24139472,  0.00061035
   24139473, -0.00030518
   24139474, -0.00030518
   24139475,  0.00000000
   24139476,  0.00000000
   24139477,  0.00000000
   24139478,  0.00000000
   24139479,  0.00030518
   24139480,  0.00000000
   24139481, -0.00030518
   24139482, -0.00030518
   24139483,  0.00000000
   24139484, -0.00030518
   24139485, -0.00091553
   24139486, -0.00030518
   24139487, -0.00030518
   24139488, -0.00030518
   24139489, -0.00091553
   24139490, -0.00091553
   24139491,  0.00030518
   24139492,  0.00000000
   24139493, -0.00091553
   24139494, -0.00061035
   24139495, -0.00061035
   24139496, -0.00061035
   24139497, -0.00091553
   24139498,  0.00000000
   24139499,  0.00030518
   24139500,  0.00030518
   24139501,  0.00030518
   24139502,  0.00000000
   24139503, -0.00030518
   24139504, -0.00091553
   24139505, -0.00030518
   24139506,  0.00030518
   24139507, -0.00061035
   24139508,  0.00030518
   24139509,  0.00030518
   24139510,  0.00000000
   24139511,  0.00061035
   24139512, -0.00030518
   24139513,  0.00000000
   24139514, -0.00030518
   24139515, -0.00122070
   24139516,  0.00000000
   24139517, -0.00061035
   24139518, -0.00061035
   24139519, -0.00030518
   24139520,  0.00000000
   24139521,  0.00000000
   24139522,  0.00030518
   24139523, -0.00030518
   24139524, -0.00061035
   24139525, -0.00030518
   24139526, -0.00091553
   24139527, -0.00030518
   24139528, -0.00030518
   24139529,  0.00000000
   24139530, -0.00091553
   24139531, -0.00061035
   24139532, -0.00030518
   24139533, -0.00030518
   24139534,  0.00000000
   24139535, -0.00152588
   24139536, -0.00030518
   24139537,  0.00030518
   24139538,  0.00000000
   24139539,  0.00030518
   24139540,  0.00000000
   24139541,  0.00000000
   24139542, -0.00122070
   24139543,  0.00000000
   24139544, -0.00091553
   24139545, -0.00091553
   24139546,  0.00000000
   24139547, -0.00030518
   24139548,  0.00000000
   24139549,  0.00030518
   24139550,  0.00000000
   24139551,  0.00000000
   24139552, -0.00061035
   24139553, -0.00030518
   24139554, -0.00091553
   24139555,  0.00030518
   24139556, -0.00030518
   24139557, -0.00061035
   24139558,  0.00030518
   24139559, -0.00030518
   24139560,  0.00030518
   24139561, -0.00091553
   24139562,  0.00000000
   24139563,  0.00030518
   24139564,  0.00000000
   24139565,  0.00000000
   24139566, -0.00030518
   24139567, -0.00030518
   24139568,  0.00000000
   24139569,  0.00030518
   24139570,  0.00030518
   24139571,  0.00030518
   24139572, -0.00061035
   24139573, -0.00061035
   24139574, -0.00091553
   24139575, -0.00091553
   24139576, -0.00061035
   24139577, -0.00030518
   24139578,  0.00000000
   24139579,  0.00000000
   24139580, -0.00030518
   24139581, -0.00091553
   24139582, -0.00030518
   24139583,  0.00000000
   24139584, -0.00030518
   24139585, -0.00091553
   24139586, -0.00030518
   24139587,  0.00000000
   24139588, -0.00061035
   24139589,  0.00000000
   24139590,  0.00030518
   24139591,  0.00030518
   24139592, -0.00030518
   24139593,  0.00000000
   24139594,  0.00000000
   24139595, -0.00061035
   24139596, -0.00030518
   24139597,  0.00000000
   24139598,  0.00000000
   24139599,  0.00000000
   24139600,  0.00030518
   24139601,  0.00000000
   24139602, -0.00091553
   24139603,  0.00000000
   24139604, -0.00122070
   24139605, -0.00030518
   24139606,  0.00030518
   24139607, -0.00061035
   24139608, -0.00122070
   24139609,  0.00030518
   24139610,  0.00030518
   24139611, -0.00061035
   24139612, -0.00152588
   24139613, -0.00030518
   24139614, -0.00030518
   24139615, -0.00030518
   24139616,  0.00000000
   24139617,  0.00030518
   24139618,  0.00030518
   24139619,  0.00000000
   24139620,  0.00061035
   24139621, -0.00030518
   24139622, -0.00122070
   24139623, -0.00061035
   24139624, -0.00091553
   24139625, -0.00061035
   24139626, -0.00061035
   24139627, -0.00030518
   24139628, -0.00030518
   24139629,  0.00000000
   24139630, -0.00091553
   24139631, -0.00061035
   24139632, -0.00122070
   24139633,  0.00000000
   24139634, -0.00030518
   24139635,  0.00000000
   24139636,  0.00000000
   24139637,  0.00030518
   24139638,  0.00030518
   24139639,  0.00030518
   24139640,  0.00000000
   24139641, -0.00061035
   24139642, -0.00061035
   24139643, -0.00122070
   24139644,  0.00000000
   24139645,  0.00061035
   24139646,  0.00061035
   24139647,  0.00091553
   24139648, -0.00061035
   24139649,  0.00061035
   24139650,  0.00030518
   24139651, -0.00030518
   24139652,  0.00000000
   24139653, -0.00091553
   24139654, -0.00122070
   24139655, -0.00030518
   24139656,  0.00000000
   24139657, -0.00030518
   24139658,  0.00030518
   24139659,  0.00000000
   24139660,  0.00000000
   24139661,  0.00061035
   24139662,  0.00030518
   24139663, -0.00030518
   24139664,  0.00000000
   24139665,  0.00030518
   24139666, -0.00030518
   24139667, -0.00061035
   24139668, -0.00030518
   24139669, -0.00030518
   24139670,  0.00061035
   24139671, -0.00030518
   24139672, -0.00061035
   24139673,  0.00030518
   24139674,  0.00000000
   24139675, -0.00030518
   24139676,  0.00061035
   24139677, -0.00030518
   24139678, -0.00152588
   24139679, -0.00061035
   24139680,  0.00000000
   24139681,  0.00000000
   24139682,  0.00030518
   24139683,  0.00061035
   24139684, -0.00091553
   24139685,  0.00000000
   24139686, -0.00061035
   24139687,  0.00000000
   24139688,  0.00061035
   24139689, -0.00030518
   24139690,  0.00061035
   24139691,  0.00000000
   24139692,  0.00000000
   24139693,  0.00000000
   24139694,  0.00000000
   24139695,  0.00000000
   24139696,  0.00000000
   24139697, -0.00030518
   24139698,  0.00030518
   24139699,  0.00000000
   24139700, -0.00091553
   24139701, -0.00030518
   24139702,  0.00000000
   24139703,  0.00000000
   24139704, -0.00030518
   24139705,  0.00000000
   24139706,  0.00030518
   24139707, -0.00030518
   24139708, -0.00030518
   24139709, -0.00061035
   24139710,  0.00030518
   24139711,  0.00000000
   24139712,  0.00000000
   24139713,  0.00030518
   24139714,  0.00000000
   24139715,  0.00000000
   24139716,  0.00000000
   24139717,  0.00030518
   24139718, -0.00091553
   24139719,  0.00000000
   24139720,  0.00030518
   24139721,  0.00000000
   24139722,  0.00000000
   24139723,  0.00000000
   24139724, -0.00030518
   24139725, -0.00122070
   24139726, -0.00030518
   24139727,  0.00000000
   24139728, -0.00030518
   24139729,  0.00030518
   24139730,  0.00000000
   24139731,  0.00030518
   24139732, -0.00152588
   24139733,  0.00000000
   24139734,  0.00030518
   24139735, -0.00030518
   24139736, -0.00061035
   24139737,  0.00030518
   24139738,  0.00030518
   24139739, -0.00030518
   24139740, -0.00122070
   24139741, -0.00061035
   24139742,  0.00030518
   24139743,  0.00000000
   24139744, -0.00122070
   24139745,  0.00000000
   24139746,  0.00030518
   24139747,  0.00000000
   24139748,  0.00030518
   24139749,  0.00000000
   24139750, -0.00030518
   24139751, -0.00061035
   24139752, -0.00061035
   24139753,  0.00000000
   24139754,  0.00000000
   24139755,  0.00000000
   24139756, -0.00030518
   24139757,  0.00000000
   24139758,  0.00000000
   24139759,  0.00000000
   24139760, -0.00061035
   24139761,  0.00030518
   24139762, -0.00061035
   24139763, -0.00030518
   24139764, -0.00091553
   24139765, -0.00183105
   24139766,  0.00000000
   24139767,  0.00030518
   24139768, -0.00061035
   24139769, -0.00030518
   24139770,  0.00030518
   24139771,  0.00030518
   24139772, -0.00061035
   24139773, -0.00061035
   24139774, -0.00061035
   24139775,  0.00030518
   24139776,  0.00061035
   24139777,  0.00030518
   24139778,  0.00000000
   24139779,  0.00000000
   24139780, -0.00030518
   24139781, -0.00030518
   24139782,  0.00000000
   24139783,  0.00000000
   24139784,  0.00000000
   24139785, -0.00183105
   24139786,  0.00030518
   24139787,  0.00000000
   24139788,  0.00000000
   24139789,  0.00030518
   24139790,  0.00000000
   24139791,  0.00030518
   24139792,  0.00000000
   24139793,  0.00030518
   24139794, -0.00030518
   24139795, -0.00061035
   24139796,  0.00061035
   24139797,  0.00061035
   24139798,  0.00061035
   24139799,  0.00061035
   24139800,  0.00030518
   24139801, -0.00030518
   24139802, -0.00061035
   24139803,  0.00000000
   24139804, -0.00091553
   24139805, -0.00061035
   24139806, -0.00061035
   24139807, -0.00061035
   24139808, -0.00030518
   24139809, -0.00152588
   24139810,  0.00000000
   24139811,  0.00000000
   24139812, -0.00122070
   24139813, -0.00030518
   24139814, -0.00030518
   24139815, -0.00061035
   24139816, -0.00152588
   24139817,  0.00061035
   24139818,  0.00030518
   24139819,  0.00122070
   24139820,  0.00061035
   24139821, -0.00030518
   24139822,  0.00061035
   24139823,  0.00061035
   24139824,  0.00000000
   24139825,  0.00061035
   24139826,  0.00000000
   24139827,  0.00000000
   24139828,  0.00000000
   24139829,  0.00000000
   24139830, -0.00030518
   24139831, -0.00030518
   24139832, -0.00091553
   24139833, -0.00091553
   24139834, -0.00091553
   24139835, -0.00061035
   24139836, -0.00061035
   24139837,  0.00000000
   24139838, -0.00061035
   24139839,  0.00000000
   24139840, -0.00061035
   24139841, -0.00030518
   24139842,  0.00000000
   24139843, -0.00030518
   24139844,  0.00061035
   24139845,  0.00030518
   24139846,  0.00030518
   24139847, -0.00030518
   24139848,  0.00030518
   24139849, -0.00091553
   24139850, -0.00061035
   24139851,  0.00000000
   24139852,  0.00000000
   24139853,  0.00030518
   24139854,  0.00000000
   24139855,  0.00030518
   24139856, -0.00122070
   24139857,  0.00000000
   24139858,  0.00030518
   24139859, -0.00091553
   24139860,  0.00000000
   24139861, -0.00061035
   24139862,  0.00000000
   24139863, -0.00091553
   24139864, -0.00061035
   24139865, -0.00061035
   24139866, -0.00030518
   24139867, -0.00091553
   24139868, -0.00030518
   24139869,  0.00000000
   24139870, -0.00030518
   24139871, -0.00030518
   24139872,  0.00000000
   24139873, -0.00061035
   24139874,  0.00000000
   24139875, -0.00030518
   24139876,  0.00000000
   24139877,  0.00061035
   24139878,  0.00061035
   24139879,  0.00061035
   24139880,  0.00061035
   24139881,  0.00000000
   24139882, -0.00091553
   24139883, -0.00061035
   24139884,  0.00030518
   24139885,  0.00030518
   24139886, -0.00091553
   24139887,  0.00030518
   24139888,  0.00000000
   24139889,  0.00000000
   24139890, -0.00030518
   24139891, -0.00061035
   24139892, -0.00030518
   24139893, -0.00091553
   24139894, -0.00061035
   24139895,  0.00030518
   24139896, -0.00030518
   24139897,  0.00000000
   24139898,  0.00000000
   24139899, -0.00030518
   24139900,  0.00000000
   24139901, -0.00030518
   24139902,  0.00000000
   24139903, -0.00030518
   24139904,  0.00030518
   24139905,  0.00000000
   24139906,  0.00000000
   24139907,  0.00061035
   24139908,  0.00061035
   24139909,  0.00000000
   24139910, -0.00030518
   24139911,  0.00030518
   24139912,  0.00030518
   24139913,  0.00000000
   24139914, -0.00030518
   24139915, -0.00030518
   24139916, -0.00030518
   24139917, -0.00030518
   24139918, -0.00061035
   24139919, -0.00061035
   24139920, -0.00152588
   24139921,  0.00000000
   24139922, -0.00061035
   24139923,  0.00000000
   24139924,  0.00000000
   24139925, -0.00030518
   24139926,  0.00000000
   24139927,  0.00030518
   24139928, -0.00030518
   24139929,  0.00030518
   24139930, -0.00030518
   24139931,  0.00030518
   24139932,  0.00030518
   24139933,  0.00030518
   24139934,  0.00030518
   24139935,  0.00030518
   24139936,  0.00030518
   24139937,  0.00030518
   24139938,  0.00000000
   24139939,  0.00000000
   24139940, -0.00061035
   24139941, -0.00030518
   24139942, -0.00030518
   24139943,  0.00000000
   24139944, -0.00061035
   24139945, -0.00030518
   24139946,  0.00000000
   24139947, -0.00091553
   24139948,  0.00030518
   24139949,  0.00000000
   24139950, -0.00030518
   24139951, -0.00061035
   24139952, -0.00030518
   24139953,  0.00000000
   24139954,  0.00000000
   24139955, -0.00061035
   24139956,  0.00000000
   24139957,  0.00030518
   24139958, -0.00030518
   24139959,  0.00030518
   24139960,  0.00030518
   24139961, -0.00061035
   24139962,  0.00000000
   24139963,  0.00000000
   24139964,  0.00000000
   24139965,  0.00030518
   24139966,  0.00000000
   24139967, -0.00061035
   24139968, -0.00030518
   24139969, -0.00030518
   24139970,  0.00000000
   24139971, -0.00061035
   24139972, -0.00030518
   24139973, -0.00091553
   24139974, -0.00030518
   24139975,  0.00000000
   24139976, -0.00030518
   24139977,  0.00000000
   24139978,  0.00061035
   24139979,  0.00030518
   24139980, -0.00061035
   24139981,  0.00030518
   24139982,  0.00030518
   24139983, -0.00122070
   24139984, -0.00030518
   24139985,  0.00000000
   24139986,  0.00030518
   24139987,  0.00030518
   24139988, -0.00030518
   24139989,  0.00000000
   24139990,  0.00030518
   24139991,  0.00030518
   24139992,  0.00000000
   24139993, -0.00061035
   24139994, -0.00091553
   24139995, -0.00091553
   24139996, -0.00030518
   24139997, -0.00030518
   24139998,  0.00000000
   24139999, -0.00030518
   24140000, -0.00030518
   24140001, -0.00061035
   24140002, -0.00030518
   24140003, -0.00061035
   24140004,  0.00000000
   24140005, -0.00030518
   24140006,  0.00030518
   24140007, -0.00061035
   24140008,  0.00061035
   24140009,  0.00061035
   24140010,  0.00030518
   24140011,  0.00030518
   24140012, -0.00091553
   24140013, -0.00030518
   24140014, -0.00061035
   24140015,  0.00000000
   24140016,  0.00000000
   24140017,  0.00030518
   24140018,  0.00030518
   24140019,  0.00061035
   24140020, -0.00030518
   24140021,  0.00061035
   24140022, -0.00030518
   24140023,  0.00000000
   24140024, -0.00061035
   24140025, -0.00091553
   24140026, -0.00091553
   24140027,  0.00000000
   24140028, -0.00061035
   24140029, -0.00030518
   24140030, -0.00061035
   24140031,  0.00000000
   24140032, -0.00030518
   24140033, -0.00152588
   24140034, -0.00030518
   24140035, -0.00061035
   24140036, -0.00030518
   24140037, -0.00030518
   24140038,  0.00000000
   24140039,  0.00000000
   24140040,  0.00061035
   24140041,  0.00061035
   24140042,  0.00030518
   24140043,  0.00000000
   24140044,  0.00061035
   24140045,  0.00030518
   24140046,  0.00030518
   24140047,  0.00061035
   24140048,  0.00061035
   24140049,  0.00000000
   24140050, -0.00030518
   24140051, -0.00061035
   24140052, -0.00030518
   24140053,  0.00000000
   24140054,  0.00000000
   24140055, -0.00030518
   24140056,  0.00000000
   24140057, -0.00061035
   24140058, -0.00030518
   24140059, -0.00122070
   24140060,  0.00030518
   24140061, -0.00091553
   24140062,  0.00030518
   24140063, -0.00030518
   24140064, -0.00061035
   24140065, -0.00091553
   24140066, -0.00061035
   24140067, -0.00061035
   24140068,  0.00000000
   24140069,  0.00000000
   24140070,  0.00000000
   24140071,  0.00030518
   24140072,  0.00000000
   24140073,  0.00030518
   24140074,  0.00030518
   24140075, -0.00030518
   24140076,  0.00000000
   24140077, -0.00030518
   24140078, -0.00030518
   24140079, -0.00030518
   24140080, -0.00061035
   24140081, -0.00091553
   24140082, -0.00030518
   24140083, -0.00030518
   24140084,  0.00030518
   24140085,  0.00000000
   24140086,  0.00000000
   24140087,  0.00061035
   24140088,  0.00030518
   24140089,  0.00000000
   24140090,  0.00061035
   24140091,  0.00000000
   24140092,  0.00000000
   24140093,  0.00000000
   24140094, -0.00030518
   24140095, -0.00030518